1	302	125	1
1	303	126	1
1	304	126	1
1	302	127	1
1	302	128	1
1	302	129	1
2	305	130	1
3	305	130	1
4	305	130	1
5	305	130	1
6	305	130	1
7	305	130	1
8	305	130	1
2	306	131	1
9	306	131	1
10	306	131	1
11	306	131	1
12	306	131	1
13	306	131	1
14	306	131	1
15	306	131	1
7	306	131	1
16	306	131	1
17	306	131	1
18	306	131	1
19	306	131	1
20	306	131	1
21	306	131	1
2	307	126	1
22	307	126	1
14	307	126	1
2	308	132	1
23	308	132	1
24	308	132	1
11	308	132	1
25	308	132	1
26	308	132	1
27	308	132	1
3	308	132	1
28	308	132	1
29	308	132	1
12	308	132	1
14	308	132	1
5	308	132	1
30	308	132	1
15	308	132	1
8	308	132	1
31	308	132	1
16	308	132	1
32	308	132	1
33	308	132	1
34	308	132	1
35	308	132	1
36	308	132	1
2	309	132	1
3	309	132	1
37	309	132	1
28	309	132	1
12	309	132	1
13	309	132	1
14	309	132	1
4	309	132	1
5	309	132	1
15	309	132	1
8	309	132	1
38	309	132	1
16	309	132	1
36	309	132	1
2	310	133	1
2	307	134	1
22	307	134	1
14	307	134	1
39	307	134	1
40	307	134	1
2	311	134	1
3	311	134	1
12	311	134	1
14	311	134	1
4	311	134	1
5	311	134	1
6	311	134	1
15	311	134	1
7	311	134	1
8	311	134	1
16	311	134	1
17	311	134	1
19	311	134	1
2	305	135	1
3	305	135	1
4	305	135	1
5	305	135	1
7	305	135	1
31	305	135	1
16	305	135	1
2	309	135	1
3	309	135	1
12	309	135	1
13	309	135	1
14	309	135	1
4	309	135	1
5	309	135	1
15	309	135	1
7	309	135	1
38	309	135	1
41	309	135	1
16	309	135	1
42	309	135	1
2	309	136	1
3	309	136	1
13	309	136	1
14	309	136	1
15	309	136	1
7	309	136	1
19	309	136	1
42	309	136	1
43	309	136	1
44	309	136	1
2	310	137	1
45	310	137	1
21	310	137	1
2	308	137	1
24	308	137	1
46	308	137	1
25	308	137	1
26	308	137	1
27	308	137	1
47	308	137	1
3	308	137	1
28	308	137	1
29	308	137	1
12	308	137	1
14	308	137	1
5	308	137	1
6	308	137	1
30	308	137	1
15	308	137	1
7	308	137	1
8	308	137	1
31	308	137	1
16	308	137	1
21	308	137	1
36	308	137	1
48	308	137	1
2	312	137	1
9	312	137	1
10	312	137	1
3	312	137	1
28	312	137	1
12	312	137	1
14	312	137	1
5	312	137	1
6	312	137	1
15	312	137	1
7	312	137	1
8	312	137	1
16	312	137	1
17	312	137	1
20	312	137	1
49	312	137	1
21	312	137	1
48	312	137	1
50	312	137	1
2	313	138	1
10	313	138	1
12	313	138	1
14	313	138	1
5	313	138	1
7	313	138	1
8	313	138	1
16	313	138	1
21	313	138	1
2	307	138	1
22	307	138	1
14	307	138	1
39	307	138	1
21	307	138	1
2	309	138	1
3	309	138	1
37	309	138	1
28	309	138	1
12	309	138	1
13	309	138	1
14	309	138	1
4	309	138	1
5	309	138	1
15	309	138	1
7	309	138	1
8	309	138	1
38	309	138	1
16	309	138	1
21	309	138	1
36	309	138	1
42	309	138	1
43	309	138	1
2	310	139	1
2	306	139	1
10	306	139	1
5	306	139	1
6	306	139	1
8	306	139	1
16	306	139	1
2	312	139	1
10	312	139	1
28	312	139	1
5	312	139	1
6	312	139	1
8	312	139	1
16	312	139	1
2	305	140	1
4	305	140	1
36	305	140	1
2	314	140	1
4	314	140	1
15	314	140	1
2	312	140	1
9	312	140	1
10	312	140	1
28	312	140	1
15	312	140	1
2	305	141	1
8	305	141	1
31	305	141	1
16	305	141	1
36	305	141	1
2	315	142	1
10	315	142	1
12	315	142	1
5	315	142	1
6	315	142	1
15	315	142	1
7	315	142	1
16	315	142	1
19	315	142	1
2	310	143	1
2	314	144	1
3	314	144	1
4	314	144	1
5	314	144	1
15	314	144	1
8	314	144	1
16	314	144	1
2	311	145	1
14	311	145	1
7	311	145	1
16	311	145	1
2	308	146	1
23	308	146	1
26	308	146	1
30	308	146	1
32	308	146	1
2	305	147	1
3	305	147	1
4	305	147	1
5	305	147	1
6	305	147	1
7	305	147	1
8	305	147	1
31	305	147	1
16	305	147	1
36	305	147	1
2	308	148	1
26	308	148	1
36	308	148	1
2	306	149	1
5	306	149	1
7	306	149	1
2	305	150	1
3	305	150	1
4	305	150	1
5	305	150	1
8	305	150	1
31	305	150	1
16	305	150	1
36	305	150	1
2	314	150	1
3	314	150	1
4	314	150	1
5	314	150	1
15	314	150	1
8	314	150	1
16	314	150	1
2	309	150	1
3	309	150	1
4	309	150	1
5	309	150	1
15	309	150	1
8	309	150	1
38	309	150	1
16	309	150	1
21	309	150	1
36	309	150	1
43	309	150	1
2	306	151	1
9	306	151	1
10	306	151	1
11	306	151	1
15	306	151	1
8	306	151	1
16	306	151	1
51	316	152	1
51	316	153	1
51	316	154	1
51	316	155	1
51	316	156	1
52	317	126	1
53	317	126	1
54	317	126	1
55	317	126	1
23	318	157	1
23	318	126	1
23	319	126	1
23	318	132	1
23	319	158	1
23	318	159	1
23	318	160	1
23	318	161	1
23	318	162	1
23	318	163	1
23	308	164	1
26	308	164	1
28	308	164	1
5	308	164	1
30	308	164	1
33	308	164	1
34	308	164	1
23	318	165	1
23	318	166	1
23	318	167	1
23	318	146	1
23	318	168	1
23	318	169	1
23	318	170	1
23	318	171	1
23	318	172	1
56	320	134	1
56	321	154	1
56	321	173	1
57	321	173	1
9	322	159	1
58	322	159	1
59	322	159	1
17	322	159	1
60	322	159	1
61	322	159	1
62	322	159	1
34	322	159	1
21	322	159	1
9	323	174	1
58	323	174	1
9	323	160	1
58	323	160	1
9	322	160	1
58	322	160	1
17	322	160	1
61	322	160	1
62	322	160	1
34	322	160	1
9	322	175	1
58	322	175	1
59	322	175	1
17	322	175	1
60	322	175	1
61	322	175	1
62	322	175	1
34	322	175	1
9	322	176	1
58	322	176	1
17	322	176	1
61	322	176	1
62	322	176	1
34	322	176	1
21	322	176	1
9	312	177	1
10	312	177	1
11	312	177	1
9	306	178	1
10	306	178	1
16	306	178	1
63	324	130	1
64	324	130	1
65	324	130	1
15	324	130	1
63	325	137	1
64	325	137	1
65	325	137	1
15	325	137	1
60	325	137	1
66	325	137	1
67	325	137	1
43	325	137	1
68	325	137	1
69	325	137	1
63	326	137	1
64	326	137	1
65	326	137	1
15	326	137	1
60	326	137	1
66	326	137	1
67	326	137	1
43	326	137	1
68	326	137	1
70	326	137	1
69	326	137	1
63	327	179	1
64	327	179	1
65	327	179	1
60	327	179	1
66	327	179	1
67	327	179	1
43	327	179	1
63	326	179	1
64	326	179	1
65	326	179	1
60	326	179	1
66	326	179	1
67	326	179	1
43	326	179	1
70	326	179	1
63	328	139	1
60	328	139	1
67	328	139	1
43	328	139	1
69	328	139	1
63	329	139	1
60	329	139	1
67	329	139	1
43	329	139	1
69	329	139	1
63	325	140	1
65	325	140	1
15	325	140	1
60	325	140	1
66	325	140	1
67	325	140	1
43	325	140	1
63	330	178	1
63	329	178	1
63	324	180	1
15	324	180	1
67	324	180	1
43	324	180	1
63	331	180	1
15	331	180	1
67	331	180	1
43	331	180	1
63	332	150	1
43	332	150	1
63	328	150	1
43	328	150	1
63	333	150	1
43	333	150	1
63	329	181	1
65	329	181	1
67	329	181	1
43	329	181	1
63	329	182	1
60	329	182	1
43	329	182	1
46	334	137	1
3	334	137	1
4	334	137	1
5	334	137	1
15	334	137	1
7	334	137	1
8	334	137	1
31	334	137	1
16	334	137	1
71	334	137	1
72	334	137	1
36	334	137	1
43	334	137	1
73	334	137	1
48	334	137	1
50	334	137	1
46	335	137	1
10	335	137	1
27	335	137	1
47	335	137	1
3	335	137	1
28	335	137	1
12	335	137	1
4	335	137	1
5	335	137	1
6	335	137	1
15	335	137	1
7	335	137	1
8	335	137	1
74	335	137	1
31	335	137	1
16	335	137	1
71	335	137	1
72	335	137	1
66	335	137	1
75	335	137	1
21	335	137	1
36	335	137	1
43	335	137	1
76	335	137	1
73	335	137	1
48	335	137	1
50	335	137	1
46	335	138	1
10	335	138	1
27	335	138	1
3	335	138	1
28	335	138	1
12	335	138	1
4	335	138	1
5	335	138	1
15	335	138	1
7	335	138	1
8	335	138	1
74	335	138	1
31	335	138	1
16	335	138	1
71	335	138	1
72	335	138	1
77	335	138	1
66	335	138	1
21	335	138	1
36	335	138	1
43	335	138	1
76	335	138	1
73	335	138	1
46	335	151	1
10	335	151	1
27	335	151	1
3	335	151	1
28	335	151	1
4	335	151	1
15	335	151	1
8	335	151	1
16	335	151	1
72	335	151	1
75	335	151	1
78	336	183	1
79	336	183	1
80	336	183	1
81	336	183	1
82	336	183	1
83	336	183	1
78	336	184	1
79	336	184	1
80	336	184	1
81	336	184	1
82	336	184	1
83	336	184	1
84	337	130	1
10	335	131	1
27	335	131	1
47	335	131	1
3	335	131	1
28	335	131	1
12	335	131	1
4	335	131	1
15	335	131	1
7	335	131	1
31	335	131	1
16	335	131	1
72	335	131	1
77	335	131	1
66	335	131	1
75	335	131	1
21	335	131	1
36	335	131	1
10	335	126	1
27	335	126	1
3	335	126	1
12	335	126	1
4	335	126	1
5	335	126	1
15	335	126	1
7	335	126	1
31	335	126	1
16	335	126	1
71	335	126	1
72	335	126	1
77	335	126	1
76	335	126	1
10	338	126	1
3	338	126	1
85	338	126	1
14	338	126	1
7	338	126	1
31	338	126	1
10	335	132	1
27	335	132	1
3	335	132	1
28	335	132	1
12	335	132	1
4	335	132	1
5	335	132	1
15	335	132	1
8	335	132	1
31	335	132	1
16	335	132	1
71	335	132	1
72	335	132	1
77	335	132	1
36	335	132	1
73	335	132	1
10	335	185	1
27	335	185	1
12	335	185	1
4	335	185	1
5	335	185	1
15	335	185	1
7	335	185	1
31	335	185	1
16	335	185	1
71	335	185	1
77	335	185	1
36	335	185	1
73	335	185	1
10	335	186	1
47	335	186	1
3	335	186	1
12	335	186	1
4	335	186	1
5	335	186	1
6	335	186	1
15	335	186	1
8	335	186	1
74	335	186	1
31	335	186	1
16	335	186	1
71	335	186	1
72	335	186	1
77	335	186	1
66	335	186	1
75	335	186	1
21	335	186	1
36	335	186	1
76	335	186	1
73	335	186	1
10	339	187	1
10	339	188	1
10	339	189	1
10	339	190	1
10	339	191	1
10	335	135	1
27	335	135	1
3	335	135	1
12	335	135	1
4	335	135	1
5	335	135	1
15	335	135	1
7	335	135	1
31	335	135	1
16	335	135	1
72	335	135	1
77	335	135	1
66	335	135	1
10	339	137	1
10	339	192	1
10	335	193	1
27	335	193	1
4	335	193	1
5	335	193	1
15	335	193	1
8	335	193	1
16	335	193	1
72	335	193	1
66	335	193	1
21	335	193	1
36	335	193	1
43	335	193	1
10	335	140	1
27	335	140	1
28	335	140	1
4	335	140	1
15	335	140	1
72	335	140	1
66	335	140	1
36	335	140	1
43	335	140	1
76	335	140	1
73	335	140	1
10	315	194	1
6	315	194	1
15	315	194	1
16	315	194	1
10	339	195	1
10	339	143	1
10	335	196	1
27	335	196	1
47	335	196	1
3	335	196	1
12	335	196	1
4	335	196	1
8	335	196	1
31	335	196	1
16	335	196	1
72	335	196	1
76	335	196	1
10	335	197	1
27	335	197	1
3	335	197	1
28	335	197	1
4	335	197	1
5	335	197	1
15	335	197	1
7	335	197	1
8	335	197	1
31	335	197	1
16	335	197	1
71	335	197	1
72	335	197	1
66	335	197	1
75	335	197	1
21	335	197	1
36	335	197	1
43	335	197	1
76	335	197	1
73	335	197	1
48	335	197	1
50	335	197	1
10	339	147	1
10	335	150	1
27	335	150	1
3	335	150	1
4	335	150	1
5	335	150	1
15	335	150	1
8	335	150	1
74	335	150	1
31	335	150	1
16	335	150	1
75	335	150	1
21	335	150	1
36	335	150	1
43	335	150	1
73	335	150	1
50	335	150	1
10	339	150	1
10	338	171	1
10	311	198	1
86	340	126	1
86	340	199	1
86	341	200	1
86	341	138	1
86	340	201	1
86	340	178	1
86	341	180	1
86	340	202	1
87	342	160	1
17	342	160	1
87	343	188	1
26	343	188	1
25	308	195	1
27	308	195	1
12	308	195	1
5	308	195	1
30	308	195	1
26	343	203	1
88	343	203	1
26	344	137	1
89	344	137	1
90	345	126	1
90	345	204	1
90	345	205	1
90	345	206	1
27	335	130	1
47	335	130	1
3	335	130	1
28	335	130	1
12	335	130	1
4	335	130	1
5	335	130	1
6	335	130	1
15	335	130	1
7	335	130	1
8	335	130	1
74	335	130	1
27	346	132	1
27	347	132	1
27	347	190	1
91	347	190	1
27	347	193	1
91	347	193	1
92	347	193	1
27	335	207	1
28	335	207	1
5	335	207	1
6	335	207	1
7	335	207	1
8	335	207	1
16	335	207	1
36	335	207	1
50	335	207	1
27	335	180	1
47	335	180	1
28	335	180	1
12	335	180	1
4	335	180	1
15	335	180	1
8	335	180	1
16	335	180	1
71	335	180	1
72	335	180	1
36	335	180	1
43	335	180	1
76	335	180	1
73	335	180	1
50	335	180	1
27	335	208	1
47	335	208	1
3	335	208	1
28	335	208	1
12	335	208	1
4	335	208	1
15	335	208	1
7	335	208	1
74	335	208	1
31	335	208	1
16	335	208	1
71	335	208	1
72	335	208	1
66	335	208	1
75	335	208	1
21	335	208	1
36	335	208	1
76	335	208	1
73	335	208	1
50	335	208	1
27	335	209	1
47	335	209	1
3	335	209	1
28	335	209	1
4	335	209	1
6	335	209	1
15	335	209	1
8	335	209	1
74	335	209	1
31	335	209	1
16	335	209	1
72	335	209	1
77	335	209	1
66	335	209	1
75	335	209	1
36	335	209	1
43	335	209	1
76	335	209	1
73	335	209	1
50	335	209	1
27	335	210	1
12	335	210	1
8	335	210	1
31	335	210	1
16	335	210	1
71	335	210	1
72	335	210	1
77	335	210	1
76	335	210	1
27	346	210	1
91	346	210	1
92	346	210	1
93	346	210	1
27	347	210	1
91	347	210	1
92	347	210	1
27	347	211	1
91	347	211	1
27	346	150	1
91	346	150	1
27	335	212	1
4	335	212	1
15	335	212	1
8	335	212	1
36	335	212	1
27	335	213	1
3	335	213	1
28	335	213	1
12	335	213	1
5	335	213	1
36	335	213	1
27	335	214	1
15	335	214	1
66	335	214	1
27	335	215	1
71	335	215	1
50	335	215	1
47	348	216	1
4	348	216	1
15	348	216	1
47	348	137	1
3	348	137	1
4	348	137	1
15	348	137	1
8	348	137	1
31	348	137	1
16	348	137	1
71	348	137	1
72	348	137	1
75	348	137	1
47	348	217	1
3	348	217	1
4	348	217	1
15	348	217	1
8	348	217	1
31	348	217	1
16	348	217	1
71	348	217	1
72	348	217	1
77	348	217	1
75	348	217	1
47	335	217	1
3	335	217	1
12	335	217	1
4	335	217	1
5	335	217	1
15	335	217	1
7	335	217	1
8	335	217	1
74	335	217	1
31	335	217	1
16	335	217	1
71	335	217	1
72	335	217	1
77	335	217	1
75	335	217	1
36	335	217	1
43	335	217	1
76	335	217	1
73	335	217	1
50	335	217	1
47	348	180	1
4	348	180	1
15	348	180	1
8	348	180	1
16	348	180	1
71	348	180	1
72	348	180	1
47	348	208	1
3	348	208	1
4	348	208	1
15	348	208	1
31	348	208	1
16	348	208	1
71	348	208	1
72	348	208	1
75	348	208	1
47	348	209	1
3	348	209	1
4	348	209	1
15	348	209	1
8	348	209	1
31	348	209	1
16	348	209	1
72	348	209	1
77	348	209	1
75	348	209	1
47	335	218	1
3	335	218	1
28	335	218	1
4	335	218	1
15	335	218	1
7	335	218	1
8	335	218	1
74	335	218	1
31	335	218	1
16	335	218	1
71	335	218	1
72	335	218	1
75	335	218	1
36	335	218	1
76	335	218	1
94	349	132	1
95	349	132	1
96	349	132	1
94	349	186	1
96	349	186	1
94	350	162	1
94	349	203	1
96	349	203	1
43	349	203	1
94	351	219	1
94	352	220	1
94	349	200	1
94	353	200	1
94	354	200	1
94	351	200	1
94	353	221	1
94	349	138	1
96	349	138	1
43	349	138	1
94	354	222	1
95	354	222	1
94	355	205	1
94	352	205	1
94	351	205	1
94	352	223	1
94	352	224	1
94	349	211	1
96	349	211	1
94	351	211	1
94	356	151	1
94	349	225	1
94	352	154	1
94	352	173	1
94	351	173	1
94	352	226	1
94	351	226	1
94	352	227	1
3	334	132	1
4	334	132	1
5	334	132	1
15	334	132	1
8	334	132	1
31	334	132	1
16	334	132	1
71	334	132	1
72	334	132	1
36	334	132	1
73	334	132	1
3	334	186	1
4	334	186	1
5	334	186	1
15	334	186	1
8	334	186	1
31	334	186	1
16	334	186	1
71	334	186	1
72	334	186	1
36	334	186	1
73	334	186	1
3	338	203	1
85	338	203	1
14	338	203	1
3	334	228	1
4	334	228	1
5	334	228	1
15	334	228	1
7	334	228	1
8	334	228	1
31	334	228	1
16	334	228	1
72	334	228	1
36	334	228	1
43	334	228	1
73	334	228	1
48	334	228	1
50	334	228	1
3	335	229	1
15	335	229	1
7	335	229	1
8	335	229	1
16	335	229	1
36	335	229	1
50	335	229	1
3	334	208	1
4	334	208	1
15	334	208	1
7	334	208	1
31	334	208	1
16	334	208	1
71	334	208	1
72	334	208	1
36	334	208	1
73	334	208	1
50	334	208	1
3	334	197	1
4	334	197	1
5	334	197	1
15	334	197	1
7	334	197	1
8	334	197	1
31	334	197	1
16	334	197	1
71	334	197	1
72	334	197	1
36	334	197	1
43	334	197	1
73	334	197	1
48	334	197	1
50	334	197	1
3	348	197	1
4	348	197	1
15	348	197	1
8	348	197	1
31	348	197	1
16	348	197	1
71	348	197	1
72	348	197	1
75	348	197	1
3	334	209	1
4	334	209	1
15	334	209	1
8	334	209	1
31	334	209	1
16	334	209	1
72	334	209	1
36	334	209	1
43	334	209	1
73	334	209	1
50	334	209	1
3	305	184	1
5	305	184	1
3	334	150	1
4	334	150	1
5	334	150	1
15	334	150	1
8	334	150	1
31	334	150	1
16	334	150	1
36	334	150	1
43	334	150	1
73	334	150	1
50	334	150	1
3	357	150	1
15	357	150	1
8	357	150	1
31	357	150	1
16	357	150	1
3	348	150	1
4	348	150	1
15	348	150	1
8	348	150	1
31	348	150	1
16	348	150	1
75	348	150	1
3	357	213	1
3	335	230	1
4	335	230	1
15	335	230	1
31	335	230	1
16	335	230	1
77	335	230	1
75	335	230	1
36	335	230	1
73	335	230	1
12	313	180	1
8	313	180	1
16	313	180	1
97	358	231	1
98	358	231	1
99	358	231	1
100	358	231	1
101	358	231	1
102	359	188	1
102	360	232	1
102	361	222	1
102	361	233	1
102	359	233	1
14	311	234	1
14	338	166	1
31	338	166	1
103	362	137	1
104	362	137	1
105	362	137	1
103	362	138	1
104	362	138	1
105	362	138	1
4	334	216	1
15	334	216	1
36	334	216	1
4	348	193	1
15	348	193	1
8	348	193	1
16	348	193	1
72	348	193	1
4	334	180	1
15	334	180	1
8	334	180	1
16	334	180	1
71	334	180	1
72	334	180	1
36	334	180	1
43	334	180	1
73	334	180	1
50	334	180	1
4	348	235	1
15	348	235	1
8	348	235	1
75	348	235	1
4	348	212	1
15	348	212	1
8	348	212	1
4	334	212	1
15	334	212	1
8	334	212	1
36	334	212	1
4	314	212	1
15	314	212	1
8	314	212	1
58	323	236	1
59	323	236	1
58	323	188	1
59	323	188	1
21	323	188	1
43	323	188	1
58	323	237	1
59	323	237	1
43	323	237	1
106	363	216	1
106	364	133	1
106	364	238	1
106	364	163	1
106	364	164	1
106	364	239	1
106	364	240	1
106	364	241	1
106	364	177	1
106	364	223	1
106	364	231	1
106	364	178	1
106	364	242	1
104	365	130	1
104	365	243	1
107	365	243	1
104	365	163	1
104	366	137	1
104	367	138	1
104	365	138	1
107	365	138	1
105	365	138	1
104	365	141	1
107	365	141	1
105	365	141	1
104	365	241	1
104	365	244	1
104	365	195	1
104	366	127	1
104	362	223	1
104	368	223	1
104	365	213	1
105	365	213	1
104	366	245	1
15	325	216	1
66	325	216	1
15	369	216	1
66	369	216	1
15	324	216	1
66	324	216	1
15	326	216	1
66	326	216	1
15	357	212	1
8	357	212	1
15	331	212	1
7	370	246	1
7	370	185	1
7	370	247	1
7	371	135	1
7	370	221	1
98	372	248	1
98	373	134	1
100	373	134	1
98	372	134	1
98	374	152	1
98	373	249	1
98	375	219	1
98	373	250	1
100	373	250	1
98	376	240	1
98	377	222	1
98	373	205	1
100	373	205	1
98	376	205	1
98	373	251	1
98	373	223	1
100	373	223	1
98	372	223	1
98	377	252	1
98	373	231	1
100	373	231	1
98	372	129	1
98	377	253	1
98	375	146	1
98	373	146	1
98	373	254	1
98	376	255	1
98	373	256	1
98	372	257	1
98	372	258	1
98	376	259	1
98	373	260	1
100	373	260	1
8	348	207	1
16	348	207	1
8	334	210	1
31	334	210	1
16	334	210	1
71	334	210	1
72	334	210	1
108	378	261	1
39	379	262	1
39	379	137	1
20	379	137	1
109	379	137	1
110	379	137	1
39	379	205	1
79	336	263	1
82	336	263	1
79	380	234	1
82	380	234	1
79	380	264	1
96	380	264	1
79	380	146	1
80	380	146	1
79	380	265	1
111	381	216	1
111	382	134	1
95	349	131	1
95	349	195	1
43	349	195	1
95	383	127	1
96	383	127	1
31	335	266	1
77	335	266	1
36	335	266	1
16	309	202	1
36	309	202	1
16	357	267	1
72	357	267	1
112	384	268	1
113	385	152	1
113	385	269	1
114	385	269	1
115	385	269	1
113	385	270	1
115	385	270	1
113	385	195	1
114	385	195	1
115	385	195	1
113	385	205	1
115	385	205	1
113	385	271	1
115	385	271	1
113	385	231	1
114	385	231	1
115	385	231	1
113	385	154	1
114	385	154	1
115	385	154	1
113	385	272	1
115	385	272	1
113	385	259	1
113	385	273	1
115	385	273	1
71	386	126	1
71	386	132	1
71	386	199	1
71	348	188	1
72	348	188	1
71	386	269	1
71	386	166	1
71	386	195	1
71	386	143	1
71	386	210	1
89	387	158	1
89	344	274	1
89	344	275	1
114	385	126	1
115	385	126	1
114	388	126	1
114	385	276	1
114	385	200	1
115	385	200	1
114	388	232	1
114	385	277	1
114	385	140	1
114	385	241	1
114	385	254	1
115	385	254	1
45	389	159	1
45	389	238	1
45	390	137	1
21	390	137	1
55	391	166	1
60	332	248	1
60	326	278	1
70	326	278	1
60	392	278	1
60	331	278	1
60	329	279	1
96	383	280	1
20	379	241	1
110	379	241	1
66	329	216	1
66	392	216	1
66	327	216	1
116	393	281	1
116	393	134	1
116	393	203	1
116	393	282	1
116	393	283	1
116	393	143	1
116	393	205	1
116	393	254	1
116	393	280	1
116	393	284	1
109	379	142	1
110	379	142	1
115	385	285	1
115	385	286	1
115	394	210	1
115	385	287	1
115	385	288	1
21	395	188	1
21	396	150	1
117	397	126	1
88	343	216	1
88	358	289	1
88	358	168	1
110	379	203	1
110	379	140	1
118	379	140	1
119	398	290	1
119	398	187	1
119	398	270	1
43	349	291	1
120	399	280	1
121	400	290	1
121	400	262	1
121	400	216	1
121	400	134	1
121	401	203	1
121	400	203	1
121	402	203	1
121	400	292	1
121	400	221	1
121	400	241	1
121	400	143	1
121	402	143	1
121	400	167	1
121	400	147	1
121	400	293	1
121	401	294	1
121	400	294	1
121	401	295	1
121	400	295	1
121	400	296	1
121	402	296	1
122	402	296	1
123	403	297	1
123	403	298	1
92	347	299	1
92	346	299	1
40	307	280	1
124	404	137	1
124	404	300	1
124	404	301	1
100	358	275	1
105	405	202	1
93	346	216	1
93	346	152	1
93	346	278	1
