0	0	0	1
0	1	1	1
0	2	1	1
0	0	2	1
0	0	3	1
0	0	4	1
1	3	5	1
2	3	5	1
3	3	5	1
4	3	5	1
5	3	5	1
6	3	5	1
7	3	5	1
1	4	6	1
8	4	6	1
9	4	6	1
10	4	6	1
11	4	6	1
12	4	6	1
13	4	6	1
14	4	6	1
6	4	6	1
15	4	6	1
16	4	6	1
17	4	6	1
18	4	6	1
19	4	6	1
20	4	6	1
1	5	1	1
21	5	1	1
13	5	1	1
1	6	7	1
22	6	7	1
23	6	7	1
10	6	7	1
24	6	7	1
25	6	7	1
26	6	7	1
2	6	7	1
27	6	7	1
28	6	7	1
11	6	7	1
13	6	7	1
4	6	7	1
29	6	7	1
14	6	7	1
7	6	7	1
30	6	7	1
15	6	7	1
31	6	7	1
32	6	7	1
33	6	7	1
34	6	7	1
35	6	7	1
1	7	7	1
2	7	7	1
36	7	7	1
27	7	7	1
11	7	7	1
12	7	7	1
13	7	7	1
3	7	7	1
4	7	7	1
14	7	7	1
7	7	7	1
37	7	7	1
15	7	7	1
35	7	7	1
1	8	8	1
1	5	9	1
21	5	9	1
13	5	9	1
38	5	9	1
39	5	9	1
1	9	9	1
2	9	9	1
11	9	9	1
13	9	9	1
3	9	9	1
4	9	9	1
5	9	9	1
14	9	9	1
6	9	9	1
7	9	9	1
15	9	9	1
16	9	9	1
18	9	9	1
1	3	10	1
2	3	10	1
3	3	10	1
4	3	10	1
6	3	10	1
30	3	10	1
15	3	10	1
1	7	10	1
2	7	10	1
11	7	10	1
12	7	10	1
13	7	10	1
3	7	10	1
4	7	10	1
14	7	10	1
6	7	10	1
37	7	10	1
40	7	10	1
15	7	10	1
41	7	10	1
1	7	11	1
2	7	11	1
12	7	11	1
13	7	11	1
14	7	11	1
6	7	11	1
18	7	11	1
41	7	11	1
42	7	11	1
43	7	11	1
1	8	12	1
44	8	12	1
20	8	12	1
1	6	12	1
23	6	12	1
45	6	12	1
24	6	12	1
25	6	12	1
26	6	12	1
46	6	12	1
2	6	12	1
27	6	12	1
28	6	12	1
11	6	12	1
13	6	12	1
4	6	12	1
5	6	12	1
29	6	12	1
14	6	12	1
6	6	12	1
7	6	12	1
30	6	12	1
15	6	12	1
20	6	12	1
35	6	12	1
47	6	12	1
1	10	12	1
8	10	12	1
9	10	12	1
2	10	12	1
27	10	12	1
11	10	12	1
13	10	12	1
4	10	12	1
5	10	12	1
14	10	12	1
6	10	12	1
7	10	12	1
15	10	12	1
16	10	12	1
19	10	12	1
48	10	12	1
20	10	12	1
47	10	12	1
49	10	12	1
1	11	13	1
9	11	13	1
11	11	13	1
13	11	13	1
4	11	13	1
6	11	13	1
7	11	13	1
15	11	13	1
20	11	13	1
1	5	13	1
21	5	13	1
13	5	13	1
38	5	13	1
20	5	13	1
1	7	13	1
2	7	13	1
36	7	13	1
27	7	13	1
11	7	13	1
12	7	13	1
13	7	13	1
3	7	13	1
4	7	13	1
14	7	13	1
6	7	13	1
7	7	13	1
37	7	13	1
15	7	13	1
20	7	13	1
35	7	13	1
41	7	13	1
42	7	13	1
1	8	14	1
1	4	14	1
9	4	14	1
4	4	14	1
5	4	14	1
7	4	14	1
15	4	14	1
1	10	14	1
9	10	14	1
27	10	14	1
4	10	14	1
5	10	14	1
7	10	14	1
15	10	14	1
1	3	15	1
3	3	15	1
35	3	15	1
1	12	15	1
3	12	15	1
14	12	15	1
1	10	15	1
8	10	15	1
9	10	15	1
27	10	15	1
14	10	15	1
1	3	16	1
7	3	16	1
30	3	16	1
15	3	16	1
35	3	16	1
1	13	17	1
9	13	17	1
11	13	17	1
4	13	17	1
5	13	17	1
14	13	17	1
6	13	17	1
15	13	17	1
18	13	17	1
1	8	18	1
1	12	19	1
2	12	19	1
3	12	19	1
4	12	19	1
14	12	19	1
7	12	19	1
15	12	19	1
1	9	20	1
13	9	20	1
6	9	20	1
15	9	20	1
1	6	21	1
22	6	21	1
25	6	21	1
29	6	21	1
31	6	21	1
1	3	22	1
2	3	22	1
3	3	22	1
4	3	22	1
5	3	22	1
6	3	22	1
7	3	22	1
30	3	22	1
15	3	22	1
35	3	22	1
1	6	23	1
25	6	23	1
35	6	23	1
1	4	24	1
4	4	24	1
6	4	24	1
1	3	25	1
2	3	25	1
3	3	25	1
4	3	25	1
7	3	25	1
30	3	25	1
15	3	25	1
35	3	25	1
1	12	25	1
2	12	25	1
3	12	25	1
4	12	25	1
14	12	25	1
7	12	25	1
15	12	25	1
1	7	25	1
2	7	25	1
3	7	25	1
4	7	25	1
14	7	25	1
7	7	25	1
37	7	25	1
15	7	25	1
20	7	25	1
35	7	25	1
42	7	25	1
1	4	26	1
8	4	26	1
9	4	26	1
10	4	26	1
14	4	26	1
7	4	26	1
15	4	26	1
50	14	27	1
50	14	28	1
50	14	29	1
50	14	30	1
50	14	31	1
51	15	1	1
52	15	1	1
53	15	1	1
54	15	1	1
22	16	32	1
22	16	1	1
22	17	1	1
22	16	7	1
22	17	33	1
22	16	34	1
22	16	35	1
22	16	36	1
22	16	37	1
22	16	38	1
22	6	39	1
25	6	39	1
27	6	39	1
4	6	39	1
29	6	39	1
32	6	39	1
33	6	39	1
22	16	40	1
22	16	41	1
22	16	42	1
22	16	21	1
22	16	43	1
22	16	44	1
22	16	45	1
22	16	46	1
22	16	47	1
55	18	9	1
55	19	29	1
55	19	48	1
56	19	48	1
8	20	34	1
57	20	34	1
58	20	34	1
16	20	34	1
59	20	34	1
60	20	34	1
61	20	34	1
33	20	34	1
20	20	34	1
8	21	49	1
57	21	49	1
8	21	35	1
57	21	35	1
8	20	35	1
57	20	35	1
16	20	35	1
60	20	35	1
61	20	35	1
33	20	35	1
8	20	50	1
57	20	50	1
58	20	50	1
16	20	50	1
59	20	50	1
60	20	50	1
61	20	50	1
33	20	50	1
8	20	51	1
57	20	51	1
16	20	51	1
60	20	51	1
61	20	51	1
33	20	51	1
20	20	51	1
8	10	52	1
9	10	52	1
10	10	52	1
8	4	53	1
9	4	53	1
15	4	53	1
62	22	5	1
63	22	5	1
64	22	5	1
14	22	5	1
62	23	12	1
63	23	12	1
64	23	12	1
14	23	12	1
59	23	12	1
65	23	12	1
66	23	12	1
42	23	12	1
67	23	12	1
68	23	12	1
62	24	12	1
63	24	12	1
64	24	12	1
14	24	12	1
59	24	12	1
65	24	12	1
66	24	12	1
42	24	12	1
67	24	12	1
69	24	12	1
68	24	12	1
62	25	54	1
63	25	54	1
64	25	54	1
59	25	54	1
65	25	54	1
66	25	54	1
42	25	54	1
62	24	54	1
63	24	54	1
64	24	54	1
59	24	54	1
65	24	54	1
66	24	54	1
42	24	54	1
69	24	54	1
62	26	14	1
59	26	14	1
66	26	14	1
42	26	14	1
68	26	14	1
62	27	14	1
59	27	14	1
66	27	14	1
42	27	14	1
68	27	14	1
62	23	15	1
64	23	15	1
14	23	15	1
59	23	15	1
65	23	15	1
66	23	15	1
42	23	15	1
62	28	53	1
62	27	53	1
62	22	55	1
14	22	55	1
66	22	55	1
42	22	55	1
62	29	55	1
14	29	55	1
66	29	55	1
42	29	55	1
62	30	25	1
42	30	25	1
62	26	25	1
42	26	25	1
62	31	25	1
42	31	25	1
62	27	56	1
64	27	56	1
66	27	56	1
42	27	56	1
62	27	57	1
59	27	57	1
42	27	57	1
45	32	12	1
2	32	12	1
3	32	12	1
4	32	12	1
14	32	12	1
6	32	12	1
7	32	12	1
30	32	12	1
15	32	12	1
70	32	12	1
71	32	12	1
35	32	12	1
42	32	12	1
72	32	12	1
47	32	12	1
49	32	12	1
45	33	12	1
9	33	12	1
26	33	12	1
46	33	12	1
2	33	12	1
27	33	12	1
11	33	12	1
3	33	12	1
4	33	12	1
5	33	12	1
14	33	12	1
6	33	12	1
7	33	12	1
73	33	12	1
30	33	12	1
15	33	12	1
70	33	12	1
71	33	12	1
65	33	12	1
74	33	12	1
20	33	12	1
35	33	12	1
42	33	12	1
75	33	12	1
72	33	12	1
47	33	12	1
49	33	12	1
45	33	13	1
9	33	13	1
26	33	13	1
2	33	13	1
27	33	13	1
11	33	13	1
3	33	13	1
4	33	13	1
14	33	13	1
6	33	13	1
7	33	13	1
73	33	13	1
30	33	13	1
15	33	13	1
70	33	13	1
71	33	13	1
76	33	13	1
65	33	13	1
20	33	13	1
35	33	13	1
42	33	13	1
75	33	13	1
72	33	13	1
45	33	26	1
9	33	26	1
26	33	26	1
2	33	26	1
27	33	26	1
3	33	26	1
14	33	26	1
7	33	26	1
15	33	26	1
71	33	26	1
74	33	26	1
77	34	58	1
78	34	58	1
79	34	58	1
80	34	58	1
81	34	58	1
82	34	58	1
77	34	59	1
78	34	59	1
79	34	59	1
80	34	59	1
81	34	59	1
82	34	59	1
83	35	5	1
9	33	6	1
26	33	6	1
46	33	6	1
2	33	6	1
27	33	6	1
11	33	6	1
3	33	6	1
14	33	6	1
6	33	6	1
30	33	6	1
15	33	6	1
71	33	6	1
76	33	6	1
65	33	6	1
74	33	6	1
20	33	6	1
35	33	6	1
9	33	1	1
26	33	1	1
2	33	1	1
11	33	1	1
3	33	1	1
4	33	1	1
14	33	1	1
6	33	1	1
30	33	1	1
15	33	1	1
70	33	1	1
71	33	1	1
76	33	1	1
75	33	1	1
9	36	1	1
2	36	1	1
84	36	1	1
13	36	1	1
6	36	1	1
30	36	1	1
9	33	7	1
26	33	7	1
2	33	7	1
27	33	7	1
11	33	7	1
3	33	7	1
4	33	7	1
14	33	7	1
7	33	7	1
30	33	7	1
15	33	7	1
70	33	7	1
71	33	7	1
76	33	7	1
35	33	7	1
72	33	7	1
9	33	60	1
26	33	60	1
11	33	60	1
3	33	60	1
4	33	60	1
14	33	60	1
6	33	60	1
30	33	60	1
15	33	60	1
70	33	60	1
76	33	60	1
35	33	60	1
72	33	60	1
9	33	61	1
46	33	61	1
2	33	61	1
11	33	61	1
3	33	61	1
4	33	61	1
5	33	61	1
14	33	61	1
7	33	61	1
73	33	61	1
30	33	61	1
15	33	61	1
70	33	61	1
71	33	61	1
76	33	61	1
65	33	61	1
74	33	61	1
20	33	61	1
35	33	61	1
75	33	61	1
72	33	61	1
9	37	62	1
9	37	63	1
9	37	64	1
9	37	65	1
9	37	66	1
9	33	10	1
26	33	10	1
2	33	10	1
11	33	10	1
3	33	10	1
4	33	10	1
14	33	10	1
6	33	10	1
30	33	10	1
15	33	10	1
71	33	10	1
76	33	10	1
65	33	10	1
9	37	12	1
9	37	67	1
9	33	68	1
26	33	68	1
3	33	68	1
4	33	68	1
14	33	68	1
7	33	68	1
15	33	68	1
71	33	68	1
65	33	68	1
20	33	68	1
35	33	68	1
42	33	68	1
9	33	15	1
26	33	15	1
27	33	15	1
3	33	15	1
14	33	15	1
71	33	15	1
65	33	15	1
35	33	15	1
42	33	15	1
75	33	15	1
72	33	15	1
9	13	69	1
5	13	69	1
14	13	69	1
15	13	69	1
9	37	70	1
9	37	18	1
9	33	71	1
26	33	71	1
46	33	71	1
2	33	71	1
11	33	71	1
3	33	71	1
7	33	71	1
30	33	71	1
15	33	71	1
71	33	71	1
75	33	71	1
9	33	72	1
26	33	72	1
2	33	72	1
27	33	72	1
3	33	72	1
4	33	72	1
14	33	72	1
6	33	72	1
7	33	72	1
30	33	72	1
15	33	72	1
70	33	72	1
71	33	72	1
65	33	72	1
74	33	72	1
20	33	72	1
35	33	72	1
42	33	72	1
75	33	72	1
72	33	72	1
47	33	72	1
49	33	72	1
9	37	22	1
9	33	25	1
26	33	25	1
2	33	25	1
3	33	25	1
4	33	25	1
14	33	25	1
7	33	25	1
73	33	25	1
30	33	25	1
15	33	25	1
74	33	25	1
20	33	25	1
35	33	25	1
42	33	25	1
72	33	25	1
49	33	25	1
9	37	25	1
9	36	46	1
9	9	73	1
85	38	1	1
85	38	74	1
85	39	75	1
85	39	13	1
85	38	76	1
85	38	53	1
85	39	55	1
85	38	77	1
86	40	35	1
16	40	35	1
86	41	63	1
25	41	63	1
24	6	70	1
26	6	70	1
11	6	70	1
4	6	70	1
29	6	70	1
25	41	78	1
87	41	78	1
25	42	12	1
88	42	12	1
89	43	1	1
89	43	79	1
89	43	80	1
89	43	81	1
26	33	5	1
46	33	5	1
2	33	5	1
27	33	5	1
11	33	5	1
3	33	5	1
4	33	5	1
5	33	5	1
14	33	5	1
6	33	5	1
7	33	5	1
73	33	5	1
26	44	7	1
26	45	7	1
26	45	65	1
90	45	65	1
26	45	68	1
90	45	68	1
91	45	68	1
26	33	82	1
27	33	82	1
4	33	82	1
5	33	82	1
6	33	82	1
7	33	82	1
15	33	82	1
35	33	82	1
49	33	82	1
26	33	55	1
46	33	55	1
27	33	55	1
11	33	55	1
3	33	55	1
14	33	55	1
7	33	55	1
15	33	55	1
70	33	55	1
71	33	55	1
35	33	55	1
42	33	55	1
75	33	55	1
72	33	55	1
49	33	55	1
26	33	83	1
46	33	83	1
2	33	83	1
27	33	83	1
11	33	83	1
3	33	83	1
14	33	83	1
6	33	83	1
73	33	83	1
30	33	83	1
15	33	83	1
70	33	83	1
71	33	83	1
65	33	83	1
74	33	83	1
20	33	83	1
35	33	83	1
75	33	83	1
72	33	83	1
49	33	83	1
26	33	84	1
46	33	84	1
2	33	84	1
27	33	84	1
3	33	84	1
5	33	84	1
14	33	84	1
7	33	84	1
73	33	84	1
30	33	84	1
15	33	84	1
71	33	84	1
76	33	84	1
65	33	84	1
74	33	84	1
35	33	84	1
42	33	84	1
75	33	84	1
72	33	84	1
49	33	84	1
26	33	85	1
11	33	85	1
7	33	85	1
30	33	85	1
15	33	85	1
70	33	85	1
71	33	85	1
76	33	85	1
75	33	85	1
26	44	85	1
90	44	85	1
91	44	85	1
92	44	85	1
26	45	85	1
90	45	85	1
91	45	85	1
26	45	86	1
90	45	86	1
26	44	25	1
90	44	25	1
26	33	87	1
3	33	87	1
14	33	87	1
7	33	87	1
35	33	87	1
26	33	88	1
2	33	88	1
27	33	88	1
11	33	88	1
4	33	88	1
35	33	88	1
26	33	89	1
14	33	89	1
65	33	89	1
26	33	90	1
70	33	90	1
49	33	90	1
46	46	91	1
3	46	91	1
14	46	91	1
46	46	12	1
2	46	12	1
3	46	12	1
14	46	12	1
7	46	12	1
30	46	12	1
15	46	12	1
70	46	12	1
71	46	12	1
74	46	12	1
46	46	92	1
2	46	92	1
3	46	92	1
14	46	92	1
7	46	92	1
30	46	92	1
15	46	92	1
70	46	92	1
71	46	92	1
76	46	92	1
74	46	92	1
46	33	92	1
2	33	92	1
11	33	92	1
3	33	92	1
4	33	92	1
14	33	92	1
6	33	92	1
7	33	92	1
73	33	92	1
30	33	92	1
15	33	92	1
70	33	92	1
71	33	92	1
76	33	92	1
74	33	92	1
35	33	92	1
42	33	92	1
75	33	92	1
72	33	92	1
49	33	92	1
46	46	55	1
3	46	55	1
14	46	55	1
7	46	55	1
15	46	55	1
70	46	55	1
71	46	55	1
46	46	83	1
2	46	83	1
3	46	83	1
14	46	83	1
30	46	83	1
15	46	83	1
70	46	83	1
71	46	83	1
74	46	83	1
46	46	84	1
2	46	84	1
3	46	84	1
14	46	84	1
7	46	84	1
30	46	84	1
15	46	84	1
71	46	84	1
76	46	84	1
74	46	84	1
46	33	93	1
2	33	93	1
27	33	93	1
3	33	93	1
14	33	93	1
6	33	93	1
7	33	93	1
73	33	93	1
30	33	93	1
15	33	93	1
70	33	93	1
71	33	93	1
74	33	93	1
35	33	93	1
75	33	93	1
93	47	7	1
94	47	7	1
95	47	7	1
93	47	61	1
95	47	61	1
93	48	37	1
93	47	78	1
95	47	78	1
42	47	78	1
93	49	94	1
93	50	95	1
93	47	75	1
93	51	75	1
93	52	75	1
93	49	75	1
93	51	96	1
93	47	13	1
95	47	13	1
42	47	13	1
93	52	97	1
94	52	97	1
93	53	80	1
93	50	80	1
93	49	80	1
93	50	98	1
93	50	99	1
93	47	86	1
95	47	86	1
93	49	86	1
93	54	26	1
93	47	100	1
93	50	29	1
93	50	48	1
93	49	48	1
93	50	101	1
93	49	101	1
93	50	102	1
2	32	7	1
3	32	7	1
4	32	7	1
14	32	7	1
7	32	7	1
30	32	7	1
15	32	7	1
70	32	7	1
71	32	7	1
35	32	7	1
72	32	7	1
2	32	61	1
3	32	61	1
4	32	61	1
14	32	61	1
7	32	61	1
30	32	61	1
15	32	61	1
70	32	61	1
71	32	61	1
35	32	61	1
72	32	61	1
2	36	78	1
84	36	78	1
13	36	78	1
2	32	103	1
3	32	103	1
4	32	103	1
14	32	103	1
6	32	103	1
7	32	103	1
30	32	103	1
15	32	103	1
71	32	103	1
35	32	103	1
42	32	103	1
72	32	103	1
47	32	103	1
49	32	103	1
2	33	104	1
14	33	104	1
6	33	104	1
7	33	104	1
15	33	104	1
35	33	104	1
49	33	104	1
2	32	83	1
3	32	83	1
14	32	83	1
6	32	83	1
30	32	83	1
15	32	83	1
70	32	83	1
71	32	83	1
35	32	83	1
72	32	83	1
49	32	83	1
2	32	72	1
3	32	72	1
4	32	72	1
14	32	72	1
6	32	72	1
7	32	72	1
30	32	72	1
15	32	72	1
70	32	72	1
71	32	72	1
35	32	72	1
42	32	72	1
72	32	72	1
47	32	72	1
49	32	72	1
2	46	72	1
3	46	72	1
14	46	72	1
7	46	72	1
30	46	72	1
15	46	72	1
70	46	72	1
71	46	72	1
74	46	72	1
2	32	84	1
3	32	84	1
14	32	84	1
7	32	84	1
30	32	84	1
15	32	84	1
71	32	84	1
35	32	84	1
42	32	84	1
72	32	84	1
49	32	84	1
2	3	59	1
4	3	59	1
2	32	25	1
3	32	25	1
4	32	25	1
14	32	25	1
7	32	25	1
30	32	25	1
15	32	25	1
35	32	25	1
42	32	25	1
72	32	25	1
49	32	25	1
2	55	25	1
14	55	25	1
7	55	25	1
30	55	25	1
15	55	25	1
2	46	25	1
3	46	25	1
14	46	25	1
7	46	25	1
30	46	25	1
15	46	25	1
74	46	25	1
2	55	88	1
2	33	105	1
3	33	105	1
14	33	105	1
30	33	105	1
15	33	105	1
76	33	105	1
74	33	105	1
35	33	105	1
72	33	105	1
11	11	55	1
7	11	55	1
15	11	55	1
96	56	106	1
97	56	106	1
98	56	106	1
99	56	106	1
100	56	106	1
101	57	63	1
101	58	107	1
101	59	97	1
101	59	108	1
101	57	108	1
13	9	109	1
13	36	41	1
30	36	41	1
102	60	12	1
103	60	12	1
104	60	12	1
102	60	13	1
103	60	13	1
104	60	13	1
3	32	91	1
14	32	91	1
35	32	91	1
3	46	68	1
14	46	68	1
7	46	68	1
15	46	68	1
71	46	68	1
3	32	55	1
14	32	55	1
7	32	55	1
15	32	55	1
70	32	55	1
71	32	55	1
35	32	55	1
42	32	55	1
72	32	55	1
49	32	55	1
3	46	110	1
14	46	110	1
7	46	110	1
74	46	110	1
3	46	87	1
14	46	87	1
7	46	87	1
3	32	87	1
14	32	87	1
7	32	87	1
35	32	87	1
3	12	87	1
14	12	87	1
7	12	87	1
57	21	111	1
58	21	111	1
57	21	63	1
58	21	63	1
20	21	63	1
42	21	63	1
57	21	112	1
58	21	112	1
42	21	112	1
105	61	91	1
105	62	8	1
105	62	113	1
105	62	38	1
105	62	39	1
105	62	114	1
105	62	115	1
105	62	116	1
105	62	52	1
105	62	98	1
105	62	106	1
105	62	53	1
105	62	117	1
103	63	5	1
103	63	118	1
106	63	118	1
103	63	38	1
103	64	12	1
103	65	13	1
103	63	13	1
106	63	13	1
104	63	13	1
103	63	16	1
106	63	16	1
104	63	16	1
103	63	116	1
103	63	119	1
103	63	70	1
103	64	2	1
103	60	98	1
103	66	98	1
103	63	88	1
104	63	88	1
103	64	120	1
14	23	91	1
65	23	91	1
14	67	91	1
65	67	91	1
14	22	91	1
65	22	91	1
14	24	91	1
65	24	91	1
14	55	87	1
7	55	87	1
14	29	87	1
6	68	121	1
6	68	60	1
6	68	122	1
6	69	10	1
6	68	96	1
97	70	123	1
97	71	9	1
99	71	9	1
97	70	9	1
97	72	27	1
97	71	124	1
97	73	94	1
97	71	125	1
99	71	125	1
97	74	115	1
97	75	97	1
97	71	80	1
99	71	80	1
97	74	80	1
97	71	126	1
97	71	98	1
99	71	98	1
97	70	98	1
97	75	127	1
97	71	106	1
99	71	106	1
97	70	4	1
97	75	128	1
97	73	21	1
97	71	21	1
97	71	129	1
97	74	130	1
97	71	131	1
97	70	132	1
97	70	133	1
97	74	134	1
97	71	135	1
99	71	135	1
7	46	82	1
15	46	82	1
7	32	85	1
30	32	85	1
15	32	85	1
70	32	85	1
71	32	85	1
107	76	136	1
38	77	137	1
38	77	12	1
19	77	12	1
108	77	12	1
109	77	12	1
38	77	80	1
78	34	138	1
81	34	138	1
78	78	109	1
81	78	109	1
78	78	139	1
95	78	139	1
78	78	21	1
79	78	21	1
78	78	140	1
110	79	91	1
110	80	9	1
94	47	6	1
94	47	70	1
42	47	70	1
94	81	2	1
95	81	2	1
30	33	141	1
76	33	141	1
35	33	141	1
15	7	77	1
35	7	77	1
15	55	142	1
71	55	142	1
111	82	143	1
112	83	27	1
112	83	144	1
113	83	144	1
114	83	144	1
112	83	145	1
114	83	145	1
112	83	70	1
113	83	70	1
114	83	70	1
112	83	80	1
114	83	80	1
112	83	146	1
114	83	146	1
112	83	106	1
113	83	106	1
114	83	106	1
112	83	29	1
113	83	29	1
114	83	29	1
112	83	147	1
114	83	147	1
112	83	134	1
112	83	148	1
114	83	148	1
70	84	1	1
70	84	7	1
70	84	74	1
70	46	63	1
71	46	63	1
70	84	144	1
70	84	41	1
70	84	70	1
70	84	18	1
70	84	85	1
88	85	33	1
88	42	149	1
88	42	150	1
113	83	1	1
114	83	1	1
113	86	1	1
113	83	151	1
113	83	75	1
114	83	75	1
113	86	107	1
113	83	152	1
113	83	15	1
113	83	116	1
113	83	129	1
114	83	129	1
44	87	34	1
44	87	113	1
44	88	12	1
20	88	12	1
54	89	41	1
59	30	123	1
59	24	153	1
69	24	153	1
59	90	153	1
59	29	153	1
59	27	154	1
95	81	155	1
19	77	116	1
109	77	116	1
65	27	91	1
65	90	91	1
65	25	91	1
115	91	156	1
115	91	9	1
115	91	78	1
115	91	157	1
115	91	158	1
115	91	18	1
115	91	80	1
115	91	129	1
115	91	155	1
115	91	159	1
108	77	17	1
109	77	17	1
114	83	160	1
114	83	161	1
114	92	85	1
114	83	162	1
114	83	163	1
20	93	63	1
20	94	25	1
116	95	1	1
87	41	91	1
87	56	164	1
87	56	43	1
109	77	78	1
109	77	15	1
117	77	15	1
118	96	165	1
118	96	62	1
118	96	145	1
42	47	166	1
119	97	155	1
120	98	165	1
120	98	137	1
120	98	91	1
120	98	9	1
120	99	78	1
120	98	78	1
120	100	78	1
120	98	167	1
120	98	96	1
120	98	116	1
120	98	18	1
120	100	18	1
120	98	42	1
120	98	22	1
120	98	168	1
120	99	169	1
120	98	169	1
120	99	170	1
120	98	170	1
120	98	171	1
120	100	171	1
121	100	171	1
122	101	172	1
122	101	173	1
91	45	174	1
91	44	174	1
39	5	155	1
123	102	12	1
123	102	175	1
123	102	176	1
99	56	150	1
104	103	77	1
92	44	91	1
92	44	27	1
92	44	153	1
