1	1	1	1
1	2	2	1
1	3	2	1
1	1	3	1
1	1	4	1
1	1	5	1
2	4	6	1
3	4	6	1
4	4	6	1
5	4	6	1
6	4	6	1
7	4	6	1
8	4	6	1
2	5	7	1
9	5	7	1
10	5	7	1
11	5	7	1
12	5	7	1
13	5	7	1
14	5	7	1
15	5	7	1
7	5	7	1
16	5	7	1
17	5	7	1
18	5	7	1
19	5	7	1
20	5	7	1
21	5	7	1
2	6	2	1
22	6	2	1
14	6	2	1
2	7	8	1
23	7	8	1
24	7	8	1
11	7	8	1
25	7	8	1
26	7	8	1
27	7	8	1
3	7	8	1
28	7	8	1
29	7	8	1
12	7	8	1
14	7	8	1
5	7	8	1
30	7	8	1
15	7	8	1
8	7	8	1
31	7	8	1
16	7	8	1
32	7	8	1
33	7	8	1
34	7	8	1
35	7	8	1
36	7	8	1
2	8	8	1
3	8	8	1
37	8	8	1
28	8	8	1
12	8	8	1
13	8	8	1
14	8	8	1
4	8	8	1
5	8	8	1
15	8	8	1
8	8	8	1
38	8	8	1
16	8	8	1
36	8	8	1
2	9	9	1
2	6	10	1
22	6	10	1
14	6	10	1
39	6	10	1
40	6	10	1
2	10	10	1
3	10	10	1
12	10	10	1
14	10	10	1
4	10	10	1
5	10	10	1
6	10	10	1
15	10	10	1
7	10	10	1
8	10	10	1
16	10	10	1
17	10	10	1
19	10	10	1
2	4	11	1
3	4	11	1
4	4	11	1
5	4	11	1
7	4	11	1
31	4	11	1
16	4	11	1
2	8	11	1
3	8	11	1
12	8	11	1
13	8	11	1
14	8	11	1
4	8	11	1
5	8	11	1
15	8	11	1
7	8	11	1
38	8	11	1
41	8	11	1
16	8	11	1
42	8	11	1
2	8	12	1
3	8	12	1
13	8	12	1
14	8	12	1
15	8	12	1
7	8	12	1
19	8	12	1
42	8	12	1
43	8	12	1
44	8	12	1
2	9	13	1
45	9	13	1
21	9	13	1
2	7	13	1
24	7	13	1
46	7	13	1
25	7	13	1
26	7	13	1
27	7	13	1
47	7	13	1
3	7	13	1
28	7	13	1
29	7	13	1
12	7	13	1
14	7	13	1
5	7	13	1
6	7	13	1
30	7	13	1
15	7	13	1
7	7	13	1
8	7	13	1
31	7	13	1
16	7	13	1
21	7	13	1
36	7	13	1
48	7	13	1
2	11	13	1
9	11	13	1
10	11	13	1
3	11	13	1
28	11	13	1
12	11	13	1
14	11	13	1
5	11	13	1
6	11	13	1
15	11	13	1
7	11	13	1
8	11	13	1
16	11	13	1
17	11	13	1
20	11	13	1
49	11	13	1
21	11	13	1
48	11	13	1
50	11	13	1
2	12	14	1
10	12	14	1
12	12	14	1
14	12	14	1
5	12	14	1
7	12	14	1
8	12	14	1
16	12	14	1
21	12	14	1
2	6	14	1
22	6	14	1
14	6	14	1
39	6	14	1
21	6	14	1
2	8	14	1
3	8	14	1
37	8	14	1
28	8	14	1
12	8	14	1
13	8	14	1
14	8	14	1
4	8	14	1
5	8	14	1
15	8	14	1
7	8	14	1
8	8	14	1
38	8	14	1
16	8	14	1
21	8	14	1
36	8	14	1
42	8	14	1
43	8	14	1
2	9	15	1
2	5	15	1
10	5	15	1
5	5	15	1
6	5	15	1
8	5	15	1
16	5	15	1
2	11	15	1
10	11	15	1
28	11	15	1
5	11	15	1
6	11	15	1
8	11	15	1
16	11	15	1
2	4	16	1
4	4	16	1
36	4	16	1
2	13	16	1
4	13	16	1
15	13	16	1
2	11	16	1
9	11	16	1
10	11	16	1
28	11	16	1
15	11	16	1
2	4	17	1
8	4	17	1
31	4	17	1
16	4	17	1
36	4	17	1
2	14	18	1
10	14	18	1
12	14	18	1
5	14	18	1
6	14	18	1
15	14	18	1
7	14	18	1
16	14	18	1
19	14	18	1
2	9	19	1
2	13	20	1
3	13	20	1
4	13	20	1
5	13	20	1
15	13	20	1
8	13	20	1
16	13	20	1
2	10	21	1
14	10	21	1
7	10	21	1
16	10	21	1
2	7	22	1
23	7	22	1
26	7	22	1
30	7	22	1
32	7	22	1
2	4	23	1
3	4	23	1
4	4	23	1
5	4	23	1
6	4	23	1
7	4	23	1
8	4	23	1
31	4	23	1
16	4	23	1
36	4	23	1
2	7	24	1
26	7	24	1
36	7	24	1
2	5	25	1
5	5	25	1
7	5	25	1
2	4	26	1
3	4	26	1
4	4	26	1
5	4	26	1
8	4	26	1
31	4	26	1
16	4	26	1
36	4	26	1
2	13	26	1
3	13	26	1
4	13	26	1
5	13	26	1
15	13	26	1
8	13	26	1
16	13	26	1
2	8	26	1
3	8	26	1
4	8	26	1
5	8	26	1
15	8	26	1
8	8	26	1
38	8	26	1
16	8	26	1
21	8	26	1
36	8	26	1
43	8	26	1
2	5	27	1
9	5	27	1
10	5	27	1
11	5	27	1
15	5	27	1
8	5	27	1
16	5	27	1
51	15	28	1
51	15	29	1
51	15	30	1
51	15	31	1
51	15	32	1
52	16	2	1
53	16	2	1
54	16	2	1
55	16	2	1
23	17	33	1
23	17	2	1
23	18	2	1
23	17	8	1
23	18	34	1
23	17	35	1
23	17	36	1
23	17	37	1
23	17	38	1
23	17	39	1
23	7	40	1
26	7	40	1
28	7	40	1
5	7	40	1
30	7	40	1
33	7	40	1
34	7	40	1
23	17	41	1
23	17	42	1
23	17	43	1
23	17	22	1
23	17	44	1
23	17	45	1
23	17	46	1
23	17	47	1
23	17	48	1
56	19	10	1
56	20	30	1
56	20	49	1
57	20	49	1
9	21	35	1
58	21	35	1
59	21	35	1
17	21	35	1
60	21	35	1
61	21	35	1
62	21	35	1
34	21	35	1
21	21	35	1
9	22	50	1
58	22	50	1
9	22	36	1
58	22	36	1
9	21	36	1
58	21	36	1
17	21	36	1
61	21	36	1
62	21	36	1
34	21	36	1
9	21	51	1
58	21	51	1
59	21	51	1
17	21	51	1
60	21	51	1
61	21	51	1
62	21	51	1
34	21	51	1
9	21	52	1
58	21	52	1
17	21	52	1
61	21	52	1
62	21	52	1
34	21	52	1
21	21	52	1
9	11	53	1
10	11	53	1
11	11	53	1
9	5	54	1
10	5	54	1
16	5	54	1
63	23	6	1
64	23	6	1
65	23	6	1
15	23	6	1
63	24	13	1
64	24	13	1
65	24	13	1
15	24	13	1
60	24	13	1
66	24	13	1
67	24	13	1
43	24	13	1
68	24	13	1
69	24	13	1
63	25	13	1
64	25	13	1
65	25	13	1
15	25	13	1
60	25	13	1
66	25	13	1
67	25	13	1
43	25	13	1
68	25	13	1
70	25	13	1
69	25	13	1
63	26	55	1
64	26	55	1
65	26	55	1
60	26	55	1
66	26	55	1
67	26	55	1
43	26	55	1
63	25	55	1
64	25	55	1
65	25	55	1
60	25	55	1
66	25	55	1
67	25	55	1
43	25	55	1
70	25	55	1
63	27	15	1
60	27	15	1
67	27	15	1
43	27	15	1
69	27	15	1
63	28	15	1
60	28	15	1
67	28	15	1
43	28	15	1
69	28	15	1
63	24	16	1
65	24	16	1
15	24	16	1
60	24	16	1
66	24	16	1
67	24	16	1
43	24	16	1
63	29	54	1
63	28	54	1
63	23	56	1
15	23	56	1
67	23	56	1
43	23	56	1
63	30	56	1
15	30	56	1
67	30	56	1
43	30	56	1
63	31	26	1
43	31	26	1
63	27	26	1
43	27	26	1
63	32	26	1
43	32	26	1
63	28	57	1
65	28	57	1
67	28	57	1
43	28	57	1
63	28	58	1
60	28	58	1
43	28	58	1
46	33	13	1
3	33	13	1
4	33	13	1
5	33	13	1
15	33	13	1
7	33	13	1
8	33	13	1
31	33	13	1
16	33	13	1
71	33	13	1
72	33	13	1
36	33	13	1
43	33	13	1
73	33	13	1
48	33	13	1
50	33	13	1
46	34	13	1
10	34	13	1
27	34	13	1
47	34	13	1
3	34	13	1
28	34	13	1
12	34	13	1
4	34	13	1
5	34	13	1
6	34	13	1
15	34	13	1
7	34	13	1
8	34	13	1
74	34	13	1
31	34	13	1
16	34	13	1
71	34	13	1
72	34	13	1
66	34	13	1
75	34	13	1
21	34	13	1
36	34	13	1
43	34	13	1
76	34	13	1
73	34	13	1
48	34	13	1
50	34	13	1
46	34	14	1
10	34	14	1
27	34	14	1
3	34	14	1
28	34	14	1
12	34	14	1
4	34	14	1
5	34	14	1
15	34	14	1
7	34	14	1
8	34	14	1
74	34	14	1
31	34	14	1
16	34	14	1
71	34	14	1
72	34	14	1
77	34	14	1
66	34	14	1
21	34	14	1
36	34	14	1
43	34	14	1
76	34	14	1
73	34	14	1
46	34	27	1
10	34	27	1
27	34	27	1
3	34	27	1
28	34	27	1
4	34	27	1
15	34	27	1
8	34	27	1
16	34	27	1
72	34	27	1
75	34	27	1
78	35	59	1
79	35	59	1
80	35	59	1
81	35	59	1
82	35	59	1
83	35	59	1
78	35	60	1
79	35	60	1
80	35	60	1
81	35	60	1
82	35	60	1
83	35	60	1
84	36	6	1
10	34	7	1
27	34	7	1
47	34	7	1
3	34	7	1
28	34	7	1
12	34	7	1
4	34	7	1
15	34	7	1
7	34	7	1
31	34	7	1
16	34	7	1
72	34	7	1
77	34	7	1
66	34	7	1
75	34	7	1
21	34	7	1
36	34	7	1
10	34	2	1
27	34	2	1
3	34	2	1
12	34	2	1
4	34	2	1
5	34	2	1
15	34	2	1
7	34	2	1
31	34	2	1
16	34	2	1
71	34	2	1
72	34	2	1
77	34	2	1
76	34	2	1
10	37	2	1
3	37	2	1
85	37	2	1
14	37	2	1
7	37	2	1
31	37	2	1
10	34	8	1
27	34	8	1
3	34	8	1
28	34	8	1
12	34	8	1
4	34	8	1
5	34	8	1
15	34	8	1
8	34	8	1
31	34	8	1
16	34	8	1
71	34	8	1
72	34	8	1
77	34	8	1
36	34	8	1
73	34	8	1
10	34	61	1
27	34	61	1
12	34	61	1
4	34	61	1
5	34	61	1
15	34	61	1
7	34	61	1
31	34	61	1
16	34	61	1
71	34	61	1
77	34	61	1
36	34	61	1
73	34	61	1
10	34	62	1
47	34	62	1
3	34	62	1
12	34	62	1
4	34	62	1
5	34	62	1
6	34	62	1
15	34	62	1
8	34	62	1
74	34	62	1
31	34	62	1
16	34	62	1
71	34	62	1
72	34	62	1
77	34	62	1
66	34	62	1
75	34	62	1
21	34	62	1
36	34	62	1
76	34	62	1
73	34	62	1
10	38	63	1
10	38	64	1
10	38	65	1
10	38	66	1
10	38	67	1
10	34	11	1
27	34	11	1
3	34	11	1
12	34	11	1
4	34	11	1
5	34	11	1
15	34	11	1
7	34	11	1
31	34	11	1
16	34	11	1
72	34	11	1
77	34	11	1
66	34	11	1
10	38	13	1
10	38	68	1
10	34	69	1
27	34	69	1
4	34	69	1
5	34	69	1
15	34	69	1
8	34	69	1
16	34	69	1
72	34	69	1
66	34	69	1
21	34	69	1
36	34	69	1
43	34	69	1
10	34	16	1
27	34	16	1
28	34	16	1
4	34	16	1
15	34	16	1
72	34	16	1
66	34	16	1
36	34	16	1
43	34	16	1
76	34	16	1
73	34	16	1
10	14	70	1
6	14	70	1
15	14	70	1
16	14	70	1
10	38	71	1
10	38	19	1
10	34	72	1
27	34	72	1
47	34	72	1
3	34	72	1
12	34	72	1
4	34	72	1
8	34	72	1
31	34	72	1
16	34	72	1
72	34	72	1
76	34	72	1
10	34	73	1
27	34	73	1
3	34	73	1
28	34	73	1
4	34	73	1
5	34	73	1
15	34	73	1
7	34	73	1
8	34	73	1
31	34	73	1
16	34	73	1
71	34	73	1
72	34	73	1
66	34	73	1
75	34	73	1
21	34	73	1
36	34	73	1
43	34	73	1
76	34	73	1
73	34	73	1
48	34	73	1
50	34	73	1
10	38	23	1
10	34	26	1
27	34	26	1
3	34	26	1
4	34	26	1
5	34	26	1
15	34	26	1
8	34	26	1
74	34	26	1
31	34	26	1
16	34	26	1
75	34	26	1
21	34	26	1
36	34	26	1
43	34	26	1
73	34	26	1
50	34	26	1
10	38	26	1
10	37	47	1
10	10	74	1
86	39	2	1
86	39	75	1
86	40	76	1
86	40	14	1
86	39	77	1
86	39	54	1
86	40	56	1
86	39	78	1
87	41	36	1
17	41	36	1
87	42	64	1
26	42	64	1
25	7	71	1
27	7	71	1
12	7	71	1
5	7	71	1
30	7	71	1
26	42	79	1
88	42	79	1
26	43	13	1
89	43	13	1
90	44	2	1
90	44	80	1
90	44	81	1
90	44	82	1
27	34	6	1
47	34	6	1
3	34	6	1
28	34	6	1
12	34	6	1
4	34	6	1
5	34	6	1
6	34	6	1
15	34	6	1
7	34	6	1
8	34	6	1
74	34	6	1
27	45	8	1
27	46	8	1
27	46	66	1
91	46	66	1
27	46	69	1
91	46	69	1
92	46	69	1
27	34	83	1
28	34	83	1
5	34	83	1
6	34	83	1
7	34	83	1
8	34	83	1
16	34	83	1
36	34	83	1
50	34	83	1
27	34	56	1
47	34	56	1
28	34	56	1
12	34	56	1
4	34	56	1
15	34	56	1
8	34	56	1
16	34	56	1
71	34	56	1
72	34	56	1
36	34	56	1
43	34	56	1
76	34	56	1
73	34	56	1
50	34	56	1
27	34	84	1
47	34	84	1
3	34	84	1
28	34	84	1
12	34	84	1
4	34	84	1
15	34	84	1
7	34	84	1
74	34	84	1
31	34	84	1
16	34	84	1
71	34	84	1
72	34	84	1
66	34	84	1
75	34	84	1
21	34	84	1
36	34	84	1
76	34	84	1
73	34	84	1
50	34	84	1
27	34	85	1
47	34	85	1
3	34	85	1
28	34	85	1
4	34	85	1
6	34	85	1
15	34	85	1
8	34	85	1
74	34	85	1
31	34	85	1
16	34	85	1
72	34	85	1
77	34	85	1
66	34	85	1
75	34	85	1
36	34	85	1
43	34	85	1
76	34	85	1
73	34	85	1
50	34	85	1
27	34	86	1
12	34	86	1
8	34	86	1
31	34	86	1
16	34	86	1
71	34	86	1
72	34	86	1
77	34	86	1
76	34	86	1
27	45	86	1
91	45	86	1
92	45	86	1
93	45	86	1
27	46	86	1
91	46	86	1
92	46	86	1
27	46	87	1
91	46	87	1
27	45	26	1
91	45	26	1
27	34	88	1
4	34	88	1
15	34	88	1
8	34	88	1
36	34	88	1
27	34	89	1
3	34	89	1
28	34	89	1
12	34	89	1
5	34	89	1
36	34	89	1
27	34	90	1
15	34	90	1
66	34	90	1
27	34	91	1
71	34	91	1
50	34	91	1
47	47	92	1
4	47	92	1
15	47	92	1
47	47	13	1
3	47	13	1
4	47	13	1
15	47	13	1
8	47	13	1
31	47	13	1
16	47	13	1
71	47	13	1
72	47	13	1
75	47	13	1
47	47	93	1
3	47	93	1
4	47	93	1
15	47	93	1
8	47	93	1
31	47	93	1
16	47	93	1
71	47	93	1
72	47	93	1
77	47	93	1
75	47	93	1
47	34	93	1
3	34	93	1
12	34	93	1
4	34	93	1
5	34	93	1
15	34	93	1
7	34	93	1
8	34	93	1
74	34	93	1
31	34	93	1
16	34	93	1
71	34	93	1
72	34	93	1
77	34	93	1
75	34	93	1
36	34	93	1
43	34	93	1
76	34	93	1
73	34	93	1
50	34	93	1
47	47	56	1
4	47	56	1
15	47	56	1
8	47	56	1
16	47	56	1
71	47	56	1
72	47	56	1
47	47	84	1
3	47	84	1
4	47	84	1
15	47	84	1
31	47	84	1
16	47	84	1
71	47	84	1
72	47	84	1
75	47	84	1
47	47	85	1
3	47	85	1
4	47	85	1
15	47	85	1
8	47	85	1
31	47	85	1
16	47	85	1
72	47	85	1
77	47	85	1
75	47	85	1
47	34	94	1
3	34	94	1
28	34	94	1
4	34	94	1
15	34	94	1
7	34	94	1
8	34	94	1
74	34	94	1
31	34	94	1
16	34	94	1
71	34	94	1
72	34	94	1
75	34	94	1
36	34	94	1
76	34	94	1
94	48	8	1
95	48	8	1
96	48	8	1
94	48	62	1
96	48	62	1
94	49	38	1
94	48	79	1
96	48	79	1
43	48	79	1
94	50	95	1
94	51	96	1
94	48	76	1
94	52	76	1
94	53	76	1
94	50	76	1
94	52	97	1
94	48	14	1
96	48	14	1
43	48	14	1
94	53	98	1
95	53	98	1
94	54	81	1
94	51	81	1
94	50	81	1
94	51	99	1
94	51	100	1
94	48	87	1
96	48	87	1
94	50	87	1
94	55	27	1
94	48	101	1
94	51	30	1
94	51	49	1
94	50	49	1
94	51	102	1
94	50	102	1
94	51	103	1
3	33	8	1
4	33	8	1
5	33	8	1
15	33	8	1
8	33	8	1
31	33	8	1
16	33	8	1
71	33	8	1
72	33	8	1
36	33	8	1
73	33	8	1
3	33	62	1
4	33	62	1
5	33	62	1
15	33	62	1
8	33	62	1
31	33	62	1
16	33	62	1
71	33	62	1
72	33	62	1
36	33	62	1
73	33	62	1
3	37	79	1
85	37	79	1
14	37	79	1
3	33	104	1
4	33	104	1
5	33	104	1
15	33	104	1
7	33	104	1
8	33	104	1
31	33	104	1
16	33	104	1
72	33	104	1
36	33	104	1
43	33	104	1
73	33	104	1
48	33	104	1
50	33	104	1
3	34	105	1
15	34	105	1
7	34	105	1
8	34	105	1
16	34	105	1
36	34	105	1
50	34	105	1
3	33	84	1
4	33	84	1
15	33	84	1
7	33	84	1
31	33	84	1
16	33	84	1
71	33	84	1
72	33	84	1
36	33	84	1
73	33	84	1
50	33	84	1
3	33	73	1
4	33	73	1
5	33	73	1
15	33	73	1
7	33	73	1
8	33	73	1
31	33	73	1
16	33	73	1
71	33	73	1
72	33	73	1
36	33	73	1
43	33	73	1
73	33	73	1
48	33	73	1
50	33	73	1
3	47	73	1
4	47	73	1
15	47	73	1
8	47	73	1
31	47	73	1
16	47	73	1
71	47	73	1
72	47	73	1
75	47	73	1
3	33	85	1
4	33	85	1
15	33	85	1
8	33	85	1
31	33	85	1
16	33	85	1
72	33	85	1
36	33	85	1
43	33	85	1
73	33	85	1
50	33	85	1
3	4	60	1
5	4	60	1
3	33	26	1
4	33	26	1
5	33	26	1
15	33	26	1
8	33	26	1
31	33	26	1
16	33	26	1
36	33	26	1
43	33	26	1
73	33	26	1
50	33	26	1
3	56	26	1
15	56	26	1
8	56	26	1
31	56	26	1
16	56	26	1
3	47	26	1
4	47	26	1
15	47	26	1
8	47	26	1
31	47	26	1
16	47	26	1
75	47	26	1
3	56	89	1
3	34	106	1
4	34	106	1
15	34	106	1
31	34	106	1
16	34	106	1
77	34	106	1
75	34	106	1
36	34	106	1
73	34	106	1
12	12	56	1
8	12	56	1
16	12	56	1
97	57	107	1
98	57	107	1
99	57	107	1
100	57	107	1
101	57	107	1
102	58	64	1
102	59	108	1
102	60	98	1
102	60	109	1
102	58	109	1
14	10	110	1
14	37	42	1
31	37	42	1
103	61	13	1
104	61	13	1
105	61	13	1
103	61	14	1
104	61	14	1
105	61	14	1
4	33	92	1
15	33	92	1
36	33	92	1
4	47	69	1
15	47	69	1
8	47	69	1
16	47	69	1
72	47	69	1
4	33	56	1
15	33	56	1
8	33	56	1
16	33	56	1
71	33	56	1
72	33	56	1
36	33	56	1
43	33	56	1
73	33	56	1
50	33	56	1
4	47	111	1
15	47	111	1
8	47	111	1
75	47	111	1
4	47	88	1
15	47	88	1
8	47	88	1
4	33	88	1
15	33	88	1
8	33	88	1
36	33	88	1
4	13	88	1
15	13	88	1
8	13	88	1
58	22	112	1
59	22	112	1
58	22	64	1
59	22	64	1
21	22	64	1
43	22	64	1
58	22	113	1
59	22	113	1
43	22	113	1
106	62	92	1
106	63	9	1
106	63	114	1
106	63	39	1
106	63	40	1
106	63	115	1
106	63	116	1
106	63	117	1
106	63	53	1
106	63	99	1
106	63	107	1
106	63	54	1
106	63	118	1
104	64	6	1
104	64	119	1
107	64	119	1
104	64	39	1
104	65	13	1
104	66	14	1
104	64	14	1
107	64	14	1
105	64	14	1
104	64	17	1
107	64	17	1
105	64	17	1
104	64	117	1
104	64	120	1
104	64	71	1
104	65	3	1
104	61	99	1
104	67	99	1
104	64	89	1
105	64	89	1
104	65	121	1
15	24	92	1
66	24	92	1
15	68	92	1
66	68	92	1
15	23	92	1
66	23	92	1
15	25	92	1
66	25	92	1
15	56	88	1
8	56	88	1
15	30	88	1
7	69	122	1
7	69	61	1
7	69	123	1
7	70	11	1
7	69	97	1
98	71	124	1
98	72	10	1
100	72	10	1
98	71	10	1
98	73	28	1
98	72	125	1
98	74	95	1
98	72	126	1
100	72	126	1
98	75	116	1
98	76	98	1
98	72	81	1
100	72	81	1
98	75	81	1
98	72	127	1
98	72	99	1
100	72	99	1
98	71	99	1
98	76	128	1
98	72	107	1
100	72	107	1
98	71	5	1
98	76	129	1
98	74	22	1
98	72	22	1
98	72	130	1
98	75	131	1
98	72	132	1
98	71	133	1
98	71	134	1
98	75	135	1
98	72	136	1
100	72	136	1
8	47	83	1
16	47	83	1
8	33	86	1
31	33	86	1
16	33	86	1
71	33	86	1
72	33	86	1
108	77	137	1
39	78	138	1
39	78	13	1
20	78	13	1
109	78	13	1
110	78	13	1
39	78	81	1
79	35	139	1
82	35	139	1
79	79	110	1
82	79	110	1
79	79	140	1
96	79	140	1
79	79	22	1
80	79	22	1
79	79	141	1
111	80	92	1
111	81	10	1
95	48	7	1
95	48	71	1
43	48	71	1
95	82	3	1
96	82	3	1
31	34	142	1
77	34	142	1
36	34	142	1
16	8	78	1
36	8	78	1
16	56	143	1
72	56	143	1
112	83	144	1
113	84	28	1
113	84	145	1
114	84	145	1
115	84	145	1
113	84	146	1
115	84	146	1
113	84	71	1
114	84	71	1
115	84	71	1
113	84	81	1
115	84	81	1
113	84	147	1
115	84	147	1
113	84	107	1
114	84	107	1
115	84	107	1
113	84	30	1
114	84	30	1
115	84	30	1
113	84	148	1
115	84	148	1
113	84	135	1
113	84	149	1
115	84	149	1
71	85	2	1
71	85	8	1
71	85	75	1
71	47	64	1
72	47	64	1
71	85	145	1
71	85	42	1
71	85	71	1
71	85	19	1
71	85	86	1
89	86	34	1
89	43	150	1
89	43	151	1
114	84	2	1
115	84	2	1
114	87	2	1
114	84	152	1
114	84	76	1
115	84	76	1
114	87	108	1
114	84	153	1
114	84	16	1
114	84	117	1
114	84	130	1
115	84	130	1
45	88	35	1
45	88	114	1
45	89	13	1
21	89	13	1
55	90	42	1
60	31	124	1
60	25	154	1
70	25	154	1
60	91	154	1
60	30	154	1
60	28	155	1
96	82	156	1
20	78	117	1
110	78	117	1
66	28	92	1
66	91	92	1
66	26	92	1
116	92	157	1
116	92	10	1
116	92	79	1
116	92	158	1
116	92	159	1
116	92	19	1
116	92	81	1
116	92	130	1
116	92	156	1
116	92	160	1
109	78	18	1
110	78	18	1
115	84	161	1
115	84	162	1
115	93	86	1
115	84	163	1
115	84	164	1
21	94	64	1
21	95	26	1
117	96	2	1
88	42	92	1
88	57	165	1
88	57	44	1
110	78	79	1
110	78	16	1
118	78	16	1
119	97	166	1
119	97	63	1
119	97	146	1
43	48	167	1
120	98	156	1
121	99	166	1
121	99	138	1
121	99	92	1
121	99	10	1
121	100	79	1
121	99	79	1
121	101	79	1
121	99	168	1
121	99	97	1
121	99	117	1
121	99	19	1
121	101	19	1
121	99	43	1
121	99	23	1
121	99	169	1
121	100	170	1
121	99	170	1
121	100	171	1
121	99	171	1
121	99	172	1
121	101	172	1
122	101	172	1
123	102	173	1
123	102	174	1
92	46	175	1
92	45	175	1
40	6	156	1
124	103	13	1
124	103	176	1
124	103	177	1
100	57	151	1
105	104	78	1
93	45	92	1
93	45	28	1
93	45	154	1
