387 356 0.21
367 356 0.249
392 356 0.238
389 356 0.173
355 356 0.406
353 356 0.317
349 356 0.201
350 356 0.441
318 356 0.229
341 356 0.18
326 356 0.164
331 356 0.2
390 356 0.191
387 372 0.193
389 372 0.974
349 372 0.323
350 372 0.434
318 372 0.363
341 372 0.717
326 372 0.187
390 372 0.194
352 372 0.604
312 372 0.245
345 372 0.98
376 372 0.212
385 372 0.351
377 372 0.632
375 372 0.459
351 372 0.711
316 372 0.183
374 372 0.418
398 372 0.683
302 372 0.457
340 372 0.771
405 372 0.558
319 372 0.649
397 372 0.528
382 372 0.324
380 372 0.648
394 372 0.785
391 372 0.31
317 372 0.402
358 372 0.311
344 372 0.325
346 372 0.305
347 372 0.311
386 372 0.665
336 372 0.549
303 372 0.223
342 372 0.167
310 372 0.184
308 372 0.154
329 372 0.183
343 372 0.225
335 372 0.388
348 372 0.173
334 372 0.287
322 372 0.263
383 372 0.33
354 372 0.345
357 372 0.158
361 372 0.199
404 372 0.535
306 372 0.214
396 372 0.183
325 372 0.161
311 372 0.178
359 372 0.302
305 372 0.153
360 372 0.392
393 372 0.403
400 372 0.181
337 372 0.281
388 372 0.25
378 372 0.159
366 372 0.503
364 372 0.555
323 372 0.441
369 372 0.185
399 372 0.439
363 372 0.151
309 372 0.192
362 372 0.15
379 372 0.424
384 372 0.219
321 372 0.356
304 372 0.153
320 372 0.234
401 372 0.208
395 372 0.295
387 317 0.606
350 317 0.308
345 317 0.168
391 317 0.803
358 317 0.318
344 317 0.192
386 317 0.193
303 317 0.517
308 317 0.209
343 317 0.655
322 317 0.25
404 317 0.235
396 317 0.158
400 317 0.166
323 317 0.19
369 317 0.178
321 317 0.355
304 317 0.461
372 317 0.402
387 344 0.494
389 344 0.228
349 344 0.174
350 344 0.176
318 344 0.158
341 344 0.155
390 344 0.456
345 344 0.155
351 344 0.159
340 344 0.193
391 344 0.188
317 344 0.192
342 344 0.626
310 344 0.431
343 344 0.451
335 344 0.154
322 344 0.637
404 344 0.352
306 344 0.459
396 344 0.549
311 344 0.168
400 344 0.202
323 344 0.364
372 344 0.325
387 389 0.306
355 389 0.306
353 389 0.238
349 389 0.463
350 389 0.402
318 389 0.457
341 389 0.948
352 389 0.25
345 389 0.958
377 389 0.267
375 389 0.344
351 389 0.261
374 389 0.173
398 389 0.333
302 389 0.216
340 389 0.566
405 389 0.681
319 389 0.757
397 389 0.57
380 389 0.3
358 389 0.207
344 389 0.228
346 389 0.267
347 389 0.268
386 389 0.523
336 389 0.529
303 389 0.215
342 389 0.198
308 389 0.171
335 389 0.18
322 389 0.317
383 389 0.403
354 389 0.394
361 389 0.32
404 389 0.325
396 389 0.182
359 389 0.159
360 389 0.245
393 389 0.502
400 389 0.757
337 389 0.266
388 389 0.181
366 389 0.238
364 389 0.587
379 389 0.268
401 389 0.364
395 389 0.151
372 389 0.974
338 389 0.184
402 389 0.198
356 389 0.173
387 318 0.169
389 318 0.457
355 318 0.269
353 318 0.175
349 318 0.162
341 318 0.155
345 318 0.242
340 318 0.172
319 318 0.281
397 318 0.204
344 318 0.158
342 318 0.22
343 318 0.17
322 318 0.298
404 318 0.321
305 318 0.455
364 318 0.408
323 318 0.194
309 318 0.188
372 318 0.363
338 318 0.318
356 318 0.229
387 343 0.512
392 343 0.178
353 343 0.161
349 343 0.204
350 343 0.336
318 343 0.17
341 343 0.161
326 343 0.497
331 343 0.546
390 343 0.574
312 343 0.187
374 343 0.73
340 343 0.265
391 343 0.249
317 343 0.655
344 343 0.451
386 343 0.301
303 343 0.579
342 343 0.607
310 343 0.341
329 343 0.464
335 343 0.269
334 343 0.181
322 343 0.64
404 343 0.232
306 343 0.273
396 343 0.3
325 343 0.194
311 343 0.251
305 343 0.176
323 343 0.641
369 343 0.173
309 343 0.258
379 343 0.196
304 343 0.593
320 343 0.202
395 343 0.341
372 343 0.225
307 343 0.314
333 343 0.235
332 343 0.435
328 343 0.194
365 343 0.337
368 343 0.265
315 343 0.462
370 343 0.166
387 390 0.467
392 390 0.192
355 390 0.169
349 390 0.235
350 390 0.195
341 390 0.152
326 390 0.519
331 390 0.501
312 390 0.461
394 390 0.301
391 390 0.414
344 390 0.456
346 390 0.183
342 390 0.644
310 390 0.759
329 390 0.295
343 390 0.574
335 390 0.245
334 390 0.194
322 390 0.655
306 390 0.181
396 390 0.68
325 390 0.209
311 390 0.223
323 390 0.566
369 390 0.256
309 390 0.156
321 390 0.163
395 390 0.333
372 390 0.194
333 390 0.383
327 390 0.239
356 390 0.191
332 390 0.477
328 390 0.417
365 390 0.344
368 390 0.277
324 390 0.169
315 390 0.168
313 390 0.271
387 323 0.54
349 323 0.196
350 323 0.187
318 323 0.194
341 323 0.26
390 323 0.566
340 323 0.235
391 323 0.19
317 323 0.19
344 323 0.364
303 323 0.764
342 323 0.643
310 323 0.732
343 323 0.641
322 323 0.834
383 323 0.158
354 323 0.158
404 323 0.234
396 323 0.468
311 323 0.202
359 323 0.175
305 323 0.197
360 323 0.229
309 323 0.238
304 323 0.72
395 323 0.64
372 323 0.441
338 323 0.168
371 323 0.218
324 323 0.156
387 310 0.257
367 310 0.306
392 310 0.363
349 310 0.234
350 310 0.226
326 310 0.679
331 310 0.735
390 310 0.759
312 310 0.649
394 310 0.324
391 310 0.598
344 310 0.431
342 310 0.791
329 310 0.603
343 310 0.341
335 310 0.185
334 310 0.206
322 310 0.749
404 310 0.357
306 310 0.567
396 310 0.797
325 310 0.423
311 310 0.414
323 310 0.732
369 310 0.359
379 310 0.157
395 310 0.295
372 310 0.184
333 310 0.353
327 310 0.174
314 310 0.151
332 310 0.597
328 310 0.412
365 310 0.612
368 310 0.477
324 310 0.205
315 310 0.426
313 310 0.4
387 322 0.707
389 322 0.317
349 322 0.295
350 322 0.4
318 322 0.298
326 322 0.177
390 322 0.655
345 322 0.151
375 322 0.165
391 322 0.292
317 322 0.25
344 322 0.637
303 322 0.77
342 322 0.826
310 322 0.749
308 322 0.229
343 322 0.64
396 322 0.615
325 322 0.151
323 322 0.834
321 322 0.173
304 322 0.74
395 322 0.288
372 322 0.263
333 322 0.188
370 322 0.286
387 342 0.705
367 342 0.176
389 342 0.198
353 342 0.29
350 342 0.218
318 342 0.22
341 342 0.195
326 342 0.27
331 342 0.303
390 342 0.644
312 342 0.188
394 342 0.168
391 342 0.24
344 342 0.626
310 342 0.791
308 342 0.174
329 342 0.24
343 342 0.607
334 342 0.204
322 342 0.826
396 342 0.66
325 342 0.224
323 342 0.643
304 342 0.233
395 342 0.158
372 342 0.167
333 342 0.248
327 342 0.15
314 342 0.189
332 342 0.184
328 342 0.254
368 342 0.221
324 342 0.216
387 391 0.552
392 391 0.249
349 391 0.165
350 391 0.276
326 391 0.475
331 391 0.494
390 391 0.414
312 391 0.261
394 391 0.198
317 391 0.803
358 391 0.318
344 391 0.188
386 391 0.229
303 391 0.208
342 391 0.24
310 391 0.598
329 391 0.333
343 391 0.249
335 391 0.251
334 391 0.174
322 391 0.292
396 391 0.277
325 391 0.382
311 391 0.151
323 391 0.19
369 391 0.151
379 391 0.177
372 391 0.31
333 391 0.376
327 391 0.233
332 391 0.445
328 391 0.249
365 391 0.446
368 391 0.317
387 396 0.523
392 396 0.242
389 396 0.182
350 396 0.173
341 396 0.218
326 396 0.392
331 396 0.334
390 396 0.68
312 396 0.21
394 396 0.195
391 396 0.277
317 396 0.158
344 396 0.549
342 396 0.66
310 396 0.797
329 396 0.453
343 396 0.3
335 396 0.171
322 396 0.615
357 396 0.183
306 396 0.413
366 396 0.225
323 396 0.468
369 396 0.22
379 396 0.163
372 396 0.183
327 396 0.201
332 396 0.27
328 396 0.249
365 396 0.349
368 396 0.245
387 355 0.17
389 355 0.306
353 355 0.477
349 355 0.154
318 355 0.269
341 355 0.232
331 355 0.158
390 355 0.169
312 355 0.407
376 355 0.167
394 355 0.152
308 355 0.248
335 355 0.166
306 355 0.455
311 355 0.326
399 355 0.152
395 355 0.39
356 355 0.406
332 355 0.269
315 355 0.337
313 355 0.317
387 395 0.182
367 395 0.216
389 395 0.151
355 395 0.39
349 395 0.52
350 395 0.284
341 395 0.217
326 395 0.203
390 395 0.333
340 395 0.164
303 395 0.222
342 395 0.158
310 395 0.295
343 395 0.341
322 395 0.288
383 395 0.506
354 395 0.519
404 395 0.165
306 395 0.164
359 395 0.24
305 395 0.17
360 395 0.233
366 395 0.167
323 395 0.64
309 395 0.164
362 395 0.155
372 395 0.295
333 395 0.192
371 395 0.279
324 395 0.155
387 306 0.172
367 306 0.423
392 306 0.255
355 306 0.455
350 306 0.183
326 306 0.423
331 306 0.331
390 306 0.181
312 306 0.815
375 306 0.613
394 306 0.577
344 306 0.459
346 306 0.409
347 306 0.373
310 306 0.567
308 306 0.199
329 306 0.285
343 306 0.273
335 306 0.226
348 306 0.186
334 306 0.242
357 306 0.162
404 306 0.173
396 306 0.413
359 306 0.242
305 306 0.192
360 306 0.217
400 306 0.307
366 306 0.399
362 306 0.546
379 306 0.474
395 306 0.164
372 306 0.214
338 306 0.222
333 306 0.458
327 306 0.301
371 306 0.232
328 306 0.309
365 306 0.509
368 306 0.699
324 306 0.739
315 306 0.325
387 308 0.222
367 308 0.289
389 308 0.171
355 308 0.248
349 308 0.207
341 308 0.195
326 308 0.322
331 308 0.157
312 308 0.918
345 308 0.177
317 308 0.209
346 308 0.301
347 308 0.285
342 308 0.174
335 308 0.198
334 308 0.263
322 308 0.229
357 308 0.409
306 308 0.199
325 308 0.271
311 308 0.172
359 308 0.903
369 308 0.335
363 308 0.204
309 308 0.223
362 308 0.201
372 308 0.154
333 308 0.195
327 308 0.335
371 308 0.399
328 308 0.171
365 308 0.28
368 308 0.294
315 308 0.179
313 308 0.197
387 353 0.333
392 353 0.168
389 353 0.238
355 353 0.477
349 353 0.169
318 353 0.175
341 353 0.304
375 353 0.712
394 353 0.177
342 353 0.29
343 353 0.161
383 353 0.161
379 353 0.153
356 353 0.317
387 319 0.153
389 319 0.757
349 319 0.235
318 319 0.281
341 319 0.321
352 319 0.167
345 319 0.565
377 319 0.183
375 319 0.286
351 319 0.163
398 319 0.603
302 319 0.404
340 319 0.698
405 319 0.942
397 319 0.529
358 319 0.173
386 319 0.282
336 319 0.284
383 319 0.259
354 319 0.254
404 319 0.165
400 319 0.181
337 319 0.152
388 319 0.374
378 319 0.161
364 319 0.633
309 319 0.15
379 319 0.17
372 319 0.649
333 319 0.188
367 400 0.203
389 400 0.757
341 400 0.236
345 400 0.274
351 400 0.181
316 400 0.199
340 400 0.154
405 400 0.228
319 400 0.181
397 400 0.211
382 400 0.166
317 400 0.166
358 400 0.198
344 400 0.202
346 400 0.315
347 400 0.38
386 400 0.408
336 400 0.158
329 400 0.292
335 400 0.455
348 400 0.317
334 400 0.193
357 400 0.45
306 400 0.307
393 400 0.88
337 400 0.28
388 400 0.244
364 400 0.236
399 400 0.21
362 400 0.209
379 400 0.153
401 400 0.996
372 400 0.181
403 400 0.479
402 400 0.96
371 400 0.221
328 400 0.292
381 400 0.163
365 400 0.317
368 400 0.233
367 379 0.371
392 379 0.301
389 379 0.268
353 379 0.153
349 379 0.383
341 379 0.515
326 379 0.249
331 379 0.248
312 379 0.605
345 379 0.342
374 379 0.16
398 379 0.233
302 379 0.159
340 379 0.287
319 379 0.17
394 379 0.392
391 379 0.177
346 379 0.687
347 379 0.628
386 379 0.333
310 379 0.157
329 379 0.297
343 379 0.196
335 379 0.451
348 379 0.206
334 379 0.344
383 379 0.243
354 379 0.309
404 379 0.335
306 379 0.474
396 379 0.163
325 379 0.192
311 379 0.398
305 379 0.274
393 379 0.183
400 379 0.153
366 379 0.927
364 379 0.316
309 379 0.221
362 379 0.473
321 379 0.324
320 379 0.268
372 379 0.424
338 379 0.193
307 379 0.244
333 379 0.192
327 379 0.228
314 379 0.271
332 379 0.296
328 379 0.324
365 379 0.521
368 379 0.618
324 379 0.171
315 379 0.46
370 379 0.386
313 379 0.351
367 392 0.174
353 392 0.168
349 392 0.174
326 392 0.935
331 392 0.86
390 392 0.192
352 392 0.218
312 392 0.242
391 392 0.249
310 392 0.363
329 392 0.907
343 392 0.178
335 392 0.478
348 392 0.278
334 392 0.452
357 392 0.266
306 392 0.255
396 392 0.242
325 392 0.74
311 392 0.238
369 392 0.719
379 392 0.301
338 392 0.182
333 392 0.734
327 392 0.765
356 392 0.238
371 392 0.167
332 392 0.623
328 392 0.83
365 392 0.217
324 392 0.821
315 392 0.217
313 392 0.241
367 332 0.193
392 332 0.623
355 332 0.269
349 332 0.394
326 332 0.742
331 332 0.755
390 332 0.477
312 332 0.593
394 332 0.23
391 332 0.445
347 332 0.18
342 332 0.184
310 332 0.597
329 332 0.606
343 332 0.435
335 332 0.275
348 332 0.21
334 332 0.534
357 332 0.186
404 332 0.161
396 332 0.27
325 332 0.682
311 332 0.298
305 332 0.229
369 332 0.612
379 332 0.296
333 332 0.804
327 332 0.691
314 332 0.187
328 332 0.72
365 332 0.375
368 332 0.249
324 332 0.64
315 332 0.294
367 331 0.205
392 331 0.86
355 331 0.158
349 331 0.212
341 331 0.255
326 331 0.987
390 331 0.501
312 331 0.49
394 331 0.328
391 331 0.494
342 331 0.303
310 331 0.735
308 331 0.157
329 331 0.929
343 331 0.546
335 331 0.443
348 331 0.254
334 331 0.526
357 331 0.298
404 331 0.2
306 331 0.331
396 331 0.334
325 331 0.779
311 331 0.327
305 331 0.184
369 331 0.733
362 331 0.156
379 331 0.248
333 331 0.811
327 331 0.772
314 331 0.16
356 331 0.2
371 331 0.229
332 331 0.755
328 331 0.909
365 331 0.484
368 331 0.323
324 331 0.871
315 331 0.222
370 331 0.491
313 331 0.284
367 357 0.406
392 357 0.266
341 357 0.307
326 357 0.578
331 357 0.298
346 357 0.575
347 357 0.831
308 357 0.409
329 357 0.4
335 357 0.407
348 357 0.823
334 357 0.282
404 357 0.295
306 357 0.162
396 357 0.183
325 357 0.212
360 357 0.252
400 357 0.45
366 357 0.183
369 357 0.271
363 357 0.184
362 357 0.478
372 357 0.158
333 357 0.325
327 357 0.239
371 357 0.505
332 357 0.186
328 357 0.509
365 357 0.468
368 357 0.319
324 357 0.565
313 357 0.173
367 333 0.305
392 333 0.734
349 333 0.166
350 333 0.222
326 333 0.953
331 333 0.811
390 333 0.383
352 333 0.251
312 333 0.514
319 333 0.188
394 333 0.215
391 333 0.376
347 333 0.282
336 333 0.206
342 333 0.248
310 333 0.353
308 333 0.195
329 333 0.759
343 333 0.235
335 333 0.397
348 333 0.322
334 333 0.342
322 333 0.188
357 333 0.325
404 333 0.213
306 333 0.458
325 333 0.926
311 333 0.372
369 333 0.909
362 333 0.19
379 333 0.192
395 333 0.192
338 333 0.2
327 333 0.93
371 333 0.165
332 333 0.804
328 333 0.835
365 333 0.286
368 333 0.208
324 333 0.915
315 333 0.212
367 324 0.212
392 324 0.821
326 324 0.917
331 324 0.871
390 324 0.169
312 324 0.32
394 324 0.158
346 324 0.171
347 324 0.517
342 324 0.216
310 324 0.205
329 324 0.805
335 324 0.618
348 324 0.454
334 324 0.461
357 324 0.565
404 324 0.247
306 324 0.739
325 324 0.91
311 324 0.29
305 324 0.321
323 324 0.156
369 324 0.912
362 324 0.264
379 324 0.171
395 324 0.155
338 324 0.192
333 324 0.915
327 324 0.916
371 324 0.23
332 324 0.64
328 324 0.82
365 324 0.257
368 324 0.236
367 327 0.232
392 327 0.765
341 327 0.181
326 327 0.942
331 327 0.772
390 327 0.239
312 327 0.424
394 327 0.16
391 327 0.233
347 327 0.242
342 327 0.15
310 327 0.174
308 327 0.335
329 327 0.724
335 327 0.34
348 327 0.26
334 327 0.417
357 327 0.239
404 327 0.174
306 327 0.301
396 327 0.201
325 327 0.925
311 327 0.33
369 327 0.909
362 327 0.15
379 327 0.228
333 327 0.93
332 327 0.691
328 327 0.793
365 327 0.29
368 327 0.236
324 327 0.916
315 327 0.215
313 327 0.161
367 328 0.198
392 328 0.83
349 328 0.234
326 328 0.971
331 328 0.909
390 328 0.417
312 328 0.548
394 328 0.23
391 328 0.249
346 328 0.427
347 328 0.288
342 328 0.254
310 328 0.412
308 328 0.171
329 328 0.851
343 328 0.194
335 328 0.543
348 328 0.419
334 328 0.575
383 328 0.162
357 328 0.509
306 328 0.309
396 328 0.249
325 328 0.763
311 328 0.242
305 328 0.179
360 328 0.321
400 328 0.292
369 328 0.727
362 328 0.181
379 328 0.324
333 328 0.835
327 328 0.793
332 328 0.72
365 328 0.369
368 328 0.223
324 328 0.82
315 328 0.222
313 328 0.312
367 335 0.437
392 335 0.478
389 335 0.18
355 335 0.166
349 335 0.258
350 335 0.237
341 335 0.559
326 335 0.439
331 335 0.443
390 335 0.245
312 335 0.267
345 335 0.223
380 335 0.175
394 335 0.292
391 335 0.251
344 335 0.154
346 335 0.62
347 335 0.757
386 335 0.16
336 335 0.183
310 335 0.185
308 335 0.198
329 335 0.418
343 335 0.269
334 335 0.44
383 335 0.256
354 335 0.218
357 335 0.407
361 335 0.453
404 335 0.591
306 335 0.226
396 335 0.171
325 335 0.292
311 335 0.188
305 335 0.209
360 335 0.159
400 335 0.455
366 335 0.495
369 335 0.297
309 335 0.21
362 335 0.532
379 335 0.451
372 335 0.388
338 335 0.175
333 335 0.397
327 335 0.34
314 335 0.192
371 335 0.525
332 335 0.275
328 335 0.543
365 335 0.517
368 335 0.435
324 335 0.618
315 335 0.247
370 335 0.158
313 335 0.207
367 348 0.323
392 348 0.278
349 348 0.224
341 348 0.329
326 348 0.296
331 348 0.254
312 348 0.171
346 348 0.56
347 348 0.665
329 348 0.335
334 348 0.46
383 348 0.167
357 348 0.823
404 348 0.209
306 348 0.186
325 348 0.193
311 348 0.171
305 348 0.164
360 348 0.328
400 348 0.317
369 348 0.304
309 348 0.232
362 348 0.296
379 348 0.206
372 348 0.173
338 348 0.169
333 348 0.322
327 348 0.26
371 348 0.508
332 348 0.21
328 348 0.419
365 348 0.42
368 348 0.29
324 348 0.454
315 348 0.162
313 348 0.19
367 347 0.203
389 347 0.268
349 347 0.234
341 347 0.392
326 347 0.244
312 347 0.201
345 347 0.193
302 347 0.185
380 347 0.328
346 347 0.88
386 347 0.286
336 347 0.168
308 347 0.285
329 347 0.359
335 347 0.757
348 347 0.665
334 347 0.614
383 347 0.171
354 347 0.232
357 347 0.831
404 347 0.47
306 347 0.373
305 347 0.536
393 347 0.221
400 347 0.38
337 347 0.837
366 347 0.318
369 347 0.249
363 347 0.451
309 347 0.177
362 347 0.343
379 347 0.628
401 347 0.186
372 347 0.311
338 347 0.564
333 347 0.282
327 347 0.242
314 347 0.199
371 347 0.519
332 347 0.18
328 347 0.288
365 347 0.28
368 347 0.193
324 347 0.517
370 347 0.255
367 334 0.429
392 334 0.452
349 334 0.455
341 334 0.524
326 334 0.544
331 334 0.526
390 334 0.194
312 334 0.429
345 334 0.186
385 334 0.158
394 334 0.207
391 334 0.174
346 334 0.566
347 334 0.614
342 334 0.204
310 334 0.206
308 334 0.263
329 334 0.431
343 334 0.181
335 334 0.44
348 334 0.46
383 334 0.159
354 334 0.258
357 334 0.282
404 334 0.752
306 334 0.242
325 334 0.428
311 334 0.221
359 334 0.228
305 334 0.199
400 334 0.193
366 334 0.422
369 334 0.322
309 334 0.29
362 334 0.416
379 334 0.344
372 334 0.287
338 334 0.151
333 334 0.342
327 334 0.417
371 334 0.39
332 334 0.534
328 334 0.575
365 334 0.495
368 334 0.432
324 334 0.461
315 334 0.278
313 334 0.231
367 312 0.381
392 312 0.242
355 312 0.407
349 312 0.295
350 312 0.312
326 312 0.592
331 312 0.49
390 312 0.461
345 312 0.902
375 312 0.604
394 312 0.23
391 312 0.261
346 312 0.228
347 312 0.201
342 312 0.188
310 312 0.649
308 312 0.918
329 312 0.195
343 312 0.187
335 312 0.267
348 312 0.171
334 312 0.429
383 312 0.183
354 312 0.167
361 312 0.176
404 312 0.272
306 312 0.815
396 312 0.21
325 312 0.328
311 312 0.823
359 312 0.906
305 312 0.175
360 312 0.177
366 312 0.571
369 312 0.186
362 312 0.458
379 312 0.605
372 312 0.245
338 312 0.18
333 312 0.514
327 312 0.424
314 312 0.19
371 312 0.24
332 312 0.593
328 312 0.548
365 312 0.604
368 312 0.551
324 312 0.32
315 312 0.184
370 312 0.159
313 312 0.812
367 311 0.393
392 311 0.238
355 311 0.326
350 311 0.252
326 311 0.338
331 311 0.327
390 311 0.223
312 311 0.823
391 311 0.151
344 311 0.168
346 311 0.154
310 311 0.414
308 311 0.172
329 311 0.227
343 311 0.251
335 311 0.188
348 311 0.171
334 311 0.221
361 311 0.266
325 311 0.242
359 311 0.183
305 311 0.183
360 311 0.324
388 311 0.231
366 311 0.453
323 311 0.202
369 311 0.297
362 311 0.467
379 311 0.398
372 311 0.178
333 311 0.372
327 311 0.33
371 311 0.402
332 311 0.298
328 311 0.242
365 311 0.573
368 311 0.515
324 311 0.29
313 311 0.866
367 368 0.564
326 368 0.302
331 368 0.323
390 368 0.277
312 368 0.551
391 368 0.317
346 368 0.152
347 368 0.193
342 368 0.221
310 368 0.477
308 368 0.294
329 368 0.197
343 368 0.265
335 368 0.435
348 368 0.29
334 368 0.432
357 368 0.319
306 368 0.699
396 368 0.245
325 368 0.174
311 368 0.515
305 368 0.329
400 368 0.233
366 368 0.384
362 368 0.937
379 368 0.618
338 368 0.255
333 368 0.208
327 368 0.236
332 368 0.249
328 368 0.223
365 368 0.941
324 368 0.236
315 368 0.701
313 368 0.527
367 315 0.412
392 315 0.217
355 315 0.337
349 315 0.17
350 315 0.188
341 315 0.155
326 315 0.197
331 315 0.222
390 315 0.168
312 315 0.184
310 315 0.426
308 315 0.179
329 315 0.252
343 315 0.462
335 315 0.247
348 315 0.162
334 315 0.278
383 315 0.15
306 315 0.325
305 315 0.157
360 315 0.301
366 315 0.497
369 315 0.209
362 315 0.498
379 315 0.46
338 315 0.171
333 315 0.212
327 315 0.215
314 315 0.232
371 315 0.225
332 315 0.294
328 315 0.222
365 315 0.576
368 315 0.701
367 365 0.614
392 365 0.217
349 365 0.217
326 365 0.373
331 365 0.484
390 365 0.344
312 365 0.604
302 365 0.154
394 365 0.172
391 365 0.446
346 365 0.201
347 365 0.28
310 365 0.612
308 365 0.28
329 365 0.32
343 365 0.337
335 365 0.517
348 365 0.42
334 365 0.495
357 365 0.468
404 365 0.179
306 365 0.509
396 365 0.349
325 365 0.23
311 365 0.573
305 365 0.226
400 365 0.317
366 365 0.333
369 365 0.19
362 365 0.918
379 365 0.521
338 365 0.165
333 365 0.286
327 365 0.29
371 365 0.162
332 365 0.375
328 365 0.369
368 365 0.941
324 365 0.257
315 365 0.576
313 365 0.57
367 366 0.219
389 366 0.238
349 366 0.25
341 366 0.405
326 366 0.205
312 366 0.571
345 366 0.286
340 366 0.18
394 366 0.61
346 366 0.357
347 366 0.318
386 366 0.551
329 366 0.157
335 366 0.495
334 366 0.422
383 366 0.205
354 366 0.202
357 366 0.183
404 366 0.37
306 366 0.399
396 366 0.225
311 366 0.453
305 366 0.167
309 366 0.194
362 366 0.405
379 366 0.927
395 366 0.167
372 366 0.503
314 366 0.161
381 366 0.383
365 366 0.333
368 366 0.384
315 366 0.497
313 366 0.408
367 305 0.223
349 305 0.171
318 305 0.455
341 305 0.288
326 305 0.237
331 305 0.184
312 305 0.175
358 305 0.303
346 305 0.435
347 305 0.536
329 305 0.199
343 305 0.176
335 305 0.209
348 305 0.164
334 305 0.199
354 305 0.157
361 305 0.16
404 305 0.323
306 305 0.192
311 305 0.183
359 305 0.168
360 305 0.157
393 305 0.662
366 305 0.167
323 305 0.197
369 305 0.23
309 305 0.239
362 305 0.167
379 305 0.274
395 305 0.17
372 305 0.153
338 305 0.296
314 305 0.84
371 305 0.665
332 305 0.229
328 305 0.179
365 305 0.226
368 305 0.329
324 305 0.321
315 305 0.157
370 305 0.403
313 305 0.187
367 338 0.245
392 338 0.182
389 338 0.184
349 338 0.156
318 338 0.318
341 338 0.196
312 338 0.18
345 338 0.156
346 338 0.382
347 338 0.564
329 338 0.174
335 338 0.175
348 338 0.169
334 338 0.151
354 338 0.167
404 338 0.364
306 338 0.222
305 338 0.296
360 338 0.178
393 338 0.508
323 338 0.168
309 338 0.231
362 338 0.222
379 338 0.193
333 338 0.2
314 338 0.195
371 338 0.838
365 338 0.165
368 338 0.255
324 338 0.192
315 338 0.171
370 338 0.187
367 313 0.468
392 313 0.241
355 313 0.317
350 313 0.168
326 313 0.176
331 313 0.284
390 313 0.271
312 313 0.812
310 313 0.4
308 313 0.197
329 313 0.159
335 313 0.207
348 313 0.19
334 313 0.231
357 313 0.173
325 313 0.237
311 313 0.866
359 313 0.161
305 313 0.187
366 313 0.408
369 313 0.197
362 313 0.461
379 313 0.351
327 313 0.161
371 313 0.313
328 313 0.312
365 313 0.57
368 313 0.527
367 362 0.833
349 362 0.264
326 362 0.197
331 362 0.156
312 362 0.458
347 362 0.343
308 362 0.201
335 362 0.532
348 362 0.296
334 362 0.416
357 362 0.478
404 362 0.19
306 362 0.546
311 362 0.467
305 362 0.167
400 362 0.209
366 362 0.405
363 362 0.187
379 362 0.473
395 362 0.155
372 362 0.15
338 362 0.222
333 362 0.19
327 362 0.15
371 362 0.214
328 362 0.181
365 362 0.918
368 362 0.937
324 362 0.264
315 362 0.498
313 362 0.461
392 352 0.218
389 352 0.25
350 352 0.196
341 352 0.926
345 352 0.472
376 352 0.294
385 352 0.214
377 352 0.686
375 352 0.919
351 352 0.555
316 352 0.343
398 352 0.919
302 352 0.179
340 352 0.856
319 352 0.167
380 352 0.237
404 352 0.174
388 352 0.606
378 352 0.606
372 352 0.604
333 352 0.251
392 325 0.74
349 325 0.161
326 325 0.933
331 325 0.779
390 325 0.209
312 325 0.328
394 325 0.192
391 325 0.382
342 325 0.224
310 325 0.423
308 325 0.271
329 325 0.766
343 325 0.194
335 325 0.292
348 325 0.193
334 325 0.428
322 325 0.151
357 325 0.212
311 325 0.242
369 325 0.937
379 325 0.192
372 325 0.161
333 325 0.926
327 325 0.925
332 325 0.682
328 325 0.763
365 325 0.23
368 325 0.174
324 325 0.91
313 325 0.237
392 369 0.719
326 369 0.925
331 369 0.733
390 369 0.256
312 369 0.186
394 369 0.156
391 369 0.151
317 369 0.178
347 369 0.249
310 369 0.359
308 369 0.335
329 369 0.725
343 369 0.173
335 369 0.297
348 369 0.304
334 369 0.322
357 369 0.271
396 369 0.22
325 369 0.937
311 369 0.297
305 369 0.23
372 369 0.185
333 369 0.909
327 369 0.909
332 369 0.612
328 369 0.727
365 369 0.19
324 369 0.912
315 369 0.209
313 369 0.197
392 349 0.174
389 349 0.463
355 349 0.154
353 349 0.169
350 349 0.286
318 349 0.162
341 349 0.432
326 349 0.172
331 349 0.212
390 349 0.235
312 349 0.295
345 349 0.282
375 349 0.153
398 349 0.309
340 349 0.338
319 349 0.235
394 349 0.193
391 349 0.165
344 349 0.174
346 349 0.423
347 349 0.234
386 349 0.161
310 349 0.234
308 349 0.207
343 349 0.204
335 349 0.258
348 349 0.224
334 349 0.455
322 349 0.295
383 349 0.85
354 349 0.448
361 349 0.159
404 349 0.282
325 349 0.161
359 349 0.158
305 349 0.171
360 349 0.203
378 349 0.474
366 349 0.25
364 349 0.253
323 349 0.196
309 349 0.187
362 349 0.264
379 349 0.383
395 349 0.52
372 349 0.323
338 349 0.156
333 349 0.166
356 349 0.201
332 349 0.394
328 349 0.234
365 349 0.217
315 349 0.17
392 329 0.907
341 329 0.173
326 329 0.991
331 329 0.929
390 329 0.295
312 329 0.195
391 329 0.333
346 329 0.175
347 329 0.359
342 329 0.24
310 329 0.603
343 329 0.464
335 329 0.418
348 329 0.335
334 329 0.431
383 329 0.201
357 329 0.4
404 329 0.165
306 329 0.285
396 329 0.453
325 329 0.766
311 329 0.227
305 329 0.199
400 329 0.292
366 329 0.157
369 329 0.725
379 329 0.297
372 329 0.183
338 329 0.174
333 329 0.759
327 329 0.724
332 329 0.606
328 329 0.851
365 329 0.32
368 329 0.197
324 329 0.805
315 329 0.252
313 329 0.159
392 326 0.935
349 326 0.172
341 326 0.214
331 326 0.987
390 326 0.519
312 326 0.592
394 326 0.25
391 326 0.475
346 326 0.176
347 326 0.244
342 326 0.27
310 326 0.679
308 326 0.322
329 326 0.991
343 326 0.497
335 326 0.439
348 326 0.296
334 326 0.544
322 326 0.177
357 326 0.578
404 326 0.215
306 326 0.423
396 326 0.392
325 326 0.933
311 326 0.338
305 326 0.237
366 326 0.205
369 326 0.925
362 326 0.197
379 326 0.249
395 326 0.203
372 326 0.187
333 326 0.953
327 326 0.942
356 326 0.164
371 326 0.197
332 326 0.742
328 326 0.971
365 326 0.373
368 326 0.302
324 326 0.917
315 326 0.197
313 326 0.176
392 367 0.174
331 367 0.205
312 367 0.381
347 367 0.203
342 367 0.176
310 367 0.306
308 367 0.289
335 367 0.437
348 367 0.323
334 367 0.429
357 367 0.406
306 367 0.423
311 367 0.393
305 367 0.223
400 367 0.203
366 367 0.219
362 367 0.833
379 367 0.371
395 367 0.216
338 367 0.245
333 367 0.305
327 367 0.232
356 367 0.249
332 367 0.193
328 367 0.198
365 367 0.614
368 367 0.564
324 367 0.212
315 367 0.412
313 367 0.468
392 371 0.167
326 371 0.197
331 371 0.229
312 371 0.24
346 371 0.422
347 371 0.519
308 371 0.399
335 371 0.525
348 371 0.508
334 371 0.39
357 371 0.505
404 371 0.292
306 371 0.232
311 371 0.402
305 371 0.665
400 371 0.221
323 371 0.218
363 371 0.155
309 371 0.295
362 371 0.214
395 371 0.279
338 371 0.838
333 371 0.165
314 371 0.441
365 371 0.162
324 371 0.23
315 371 0.225
370 371 0.347
313 371 0.313
389 375 0.344
353 375 0.712
349 375 0.153
350 375 0.291
341 375 0.312
352 375 0.919
312 375 0.604
345 375 0.398
376 375 0.268
385 375 0.268
377 375 0.77
351 375 0.483
316 375 0.297
398 375 0.297
340 375 0.437
405 375 0.17
319 375 0.286
380 375 0.237
322 375 0.165
383 375 0.205
354 375 0.203
404 375 0.233
306 375 0.613
388 375 0.168
364 375 0.277
372 375 0.459
389 393 0.502
345 393 0.245
376 393 0.172
351 393 0.304
316 393 0.485
374 393 0.156
398 393 0.261
380 393 0.186
346 393 0.154
347 393 0.221
386 393 0.177
336 393 0.304
383 393 0.154
305 393 0.662
400 393 0.88
337 393 0.155
379 393 0.183
321 393 0.162
401 393 0.977
372 393 0.403
338 393 0.508
403 393 0.462
402 393 0.703
314 393 0.165
389 351 0.261
350 351 0.164
341 351 0.682
352 351 0.555
345 351 0.583
376 351 0.187
385 351 0.196
375 351 0.483
316 351 0.928
398 351 0.323
302 351 0.15
340 351 0.285
319 351 0.163
380 351 0.673
344 351 0.159
386 351 0.285
383 351 0.19
393 351 0.304
400 351 0.181
399 351 0.183
384 351 0.577
401 351 0.242
372 351 0.711
402 351 0.322
314 351 0.27
389 345 0.958
349 345 0.282
350 345 0.372
318 345 0.242
341 345 0.998
352 345 0.472
312 345 0.902
376 345 0.161
385 345 0.286
377 345 0.345
375 345 0.398
351 345 0.583
374 345 0.209
398 345 0.969
302 345 0.502
340 345 0.716
405 345 0.367
319 345 0.565
397 345 0.412
380 345 0.867
394 345 0.261
317 345 0.168
358 345 0.164
344 345 0.155
346 345 0.241
347 345 0.193
386 345 0.439
336 345 0.323
308 345 0.177
335 345 0.223
334 345 0.186
322 345 0.151
383 345 0.286
354 345 0.278
361 345 0.158
404 345 0.392
359 345 0.183
360 345 0.204
393 345 0.245
400 345 0.274
366 345 0.286
364 345 0.458
399 345 0.243
379 345 0.342
384 345 0.211
321 345 0.467
372 345 0.98
338 345 0.156
389 380 0.3
341 380 0.762
352 380 0.237
345 380 0.867
375 380 0.237
351 380 0.673
316 380 0.272
374 380 0.204
398 380 0.286
340 380 0.264
397 380 0.156
346 380 0.325
347 380 0.328
386 380 0.254
336 380 0.174
335 380 0.175
404 380 0.218
393 380 0.186
372 380 0.648
389 401 0.364
351 401 0.242
382 401 0.232
347 401 0.186
393 401 0.977
400 401 0.996
337 401 0.254
364 401 0.151
372 401 0.208
403 401 0.457
402 401 0.992
381 401 0.232
389 341 0.948
355 341 0.232
353 341 0.304
349 341 0.432
350 341 0.471
318 341 0.155
326 341 0.214
331 341 0.255
390 341 0.152
352 341 0.926
345 341 0.998
385 341 0.913
377 341 0.261
375 341 0.312
351 341 0.682
374 341 0.202
398 341 0.504
302 341 0.171
340 341 0.58
405 341 0.166
319 341 0.321
397 341 0.165
380 341 0.762
394 341 0.434
344 341 0.155
346 341 0.309
347 341 0.392
386 341 0.477
336 341 0.235
342 341 0.195
308 341 0.195
329 341 0.173
343 341 0.161
335 341 0.559
348 341 0.329
334 341 0.524
383 341 0.44
354 341 0.435
357 341 0.307
361 341 0.266
404 341 0.605
396 341 0.218
359 341 0.352
305 341 0.288
360 341 0.38
400 341 0.236
366 341 0.405
364 341 0.218
323 341 0.26
399 341 0.15
363 341 0.275
309 341 0.165
379 341 0.515
384 341 0.34
395 341 0.217
372 341 0.717
338 341 0.196
307 341 0.285
327 341 0.181
356 341 0.18
315 341 0.155
370 341 0.166
389 303 0.215
350 303 0.188
302 303 0.184
391 303 0.208
317 303 0.517
343 303 0.579
322 303 0.77
404 303 0.165
323 303 0.764
321 303 0.166
304 303 0.996
395 303 0.222
372 303 0.223
389 404 0.325
349 404 0.282
350 404 0.16
318 404 0.321
341 404 0.605
326 404 0.215
331 404 0.2
352 404 0.174
312 404 0.272
345 404 0.392
375 404 0.233
398 404 0.506
340 404 0.394
319 404 0.165
397 404 0.164
380 404 0.218
394 404 0.2
317 404 0.235
358 404 0.681
344 404 0.352
346 404 0.266
347 404 0.47
336 404 0.284
303 404 0.165
310 404 0.357
329 404 0.165
343 404 0.232
335 404 0.591
348 404 0.209
334 404 0.752
383 404 0.337
354 404 0.228
357 404 0.295
361 404 0.602
306 404 0.173
359 404 0.323
305 404 0.323
360 404 0.297
366 404 0.37
364 404 0.315
323 404 0.234
363 404 0.195
309 404 0.293
362 404 0.19
379 404 0.335
395 404 0.165
372 404 0.535
338 404 0.364
307 404 0.191
333 404 0.213
327 404 0.174
314 404 0.655
371 404 0.292
332 404 0.161
365 404 0.179
324 404 0.247
370 404 0.325
389 359 0.159
349 359 0.158
341 359 0.352
312 359 0.906
345 359 0.183
398 359 0.203
340 359 0.193
308 359 0.903
334 359 0.228
361 359 0.286
404 359 0.323
306 359 0.242
311 359 0.183
305 359 0.168
360 359 0.384
323 359 0.175
309 359 0.188
395 359 0.24
372 359 0.302
313 359 0.161
389 360 0.245
349 360 0.203
350 360 0.177
341 360 0.38
312 360 0.177
345 360 0.204
398 360 0.235
302 360 0.197
340 360 0.276
335 360 0.159
348 360 0.328
383 360 0.155
357 360 0.252
361 360 0.266
404 360 0.297
306 360 0.217
311 360 0.324
359 360 0.384
305 360 0.157
364 360 0.223
323 360 0.229
395 360 0.233
372 360 0.392
338 360 0.178
328 360 0.321
315 360 0.301
389 386 0.523
349 386 0.161
350 386 0.257
341 386 0.477
345 386 0.439
385 386 0.87
351 386 0.285
374 386 0.207
398 386 0.232
302 386 0.23
340 386 0.655
405 386 0.444
319 386 0.282
397 386 0.165
382 386 0.187
380 386 0.254
394 386 0.348
391 386 0.229
317 386 0.193
358 386 0.228
346 386 0.378
347 386 0.286
336 386 0.202
343 386 0.301
335 386 0.16
361 386 0.202
393 386 0.177
400 386 0.408
337 386 0.755
366 386 0.551
364 386 0.272
399 386 0.303
309 386 0.152
379 386 0.333
321 386 0.151
320 386 0.151
372 386 0.665
389 346 0.267
349 346 0.423
341 346 0.309
326 346 0.176
390 346 0.183
312 346 0.228
345 346 0.241
302 346 0.173
380 346 0.325
394 346 0.151
347 346 0.88
386 346 0.378
308 346 0.301
329 346 0.175
335 346 0.62
348 346 0.56
334 346 0.566
383 346 0.295
354 346 0.378
357 346 0.575
404 346 0.266
306 346 0.409
311 346 0.154
305 346 0.435
393 346 0.154
400 346 0.315
337 346 0.823
366 346 0.357
364 346 0.169
363 346 0.284
309 346 0.195
379 346 0.687
372 346 0.305
338 346 0.382
314 346 0.202
371 346 0.422
328 346 0.427
365 346 0.201
368 346 0.152
324 346 0.171
370 346 0.214
389 374 0.173
341 374 0.202
345 374 0.209
316 374 0.162
340 374 0.337
380 374 0.204
394 374 0.188
386 374 0.207
336 374 0.219
343 374 0.73
393 374 0.156
379 374 0.16
372 374 0.418
389 350 0.402
349 350 0.286
341 350 0.471
390 350 0.195
352 350 0.196
312 350 0.312
345 350 0.372
385 350 0.342
375 350 0.291
351 350 0.164
398 350 0.181
340 350 0.224
394 350 0.175
391 350 0.276
317 350 0.308
344 350 0.176
386 350 0.257
303 350 0.188
342 350 0.218
310 350 0.226
343 350 0.336
335 350 0.237
322 350 0.4
383 350 0.265
354 350 0.261
404 350 0.16
306 350 0.183
396 350 0.173
311 350 0.252
360 350 0.177
378 350 0.163
323 350 0.187
309 350 0.246
304 350 0.178
395 350 0.284
372 350 0.434
333 350 0.222
356 350 0.441
315 350 0.188
313 350 0.168
389 383 0.403
353 383 0.161
349 383 0.85
350 383 0.265
341 383 0.44
312 383 0.183
345 383 0.286
375 383 0.205
351 383 0.19
398 383 0.323
340 383 0.332
319 383 0.259
346 383 0.295
347 383 0.171
329 383 0.201
335 383 0.256
348 383 0.167
334 383 0.159
354 383 0.296
361 383 0.235
404 383 0.337
360 383 0.155
393 383 0.154
366 383 0.205
364 383 0.257
323 383 0.158
309 383 0.153
379 383 0.243
395 383 0.506
372 383 0.33
328 383 0.162
315 383 0.15
389 354 0.394
349 354 0.448
350 354 0.261
341 354 0.435
312 354 0.167
345 354 0.278
377 354 0.293
375 354 0.203
398 354 0.323
340 354 0.394
319 354 0.254
346 354 0.378
347 354 0.232
335 354 0.218
334 354 0.258
383 354 0.296
404 354 0.228
305 354 0.157
366 354 0.202
364 354 0.324
323 354 0.158
309 354 0.167
379 354 0.309
395 354 0.519
372 354 0.345
338 354 0.167
307 354 0.16
403 354 0.335
389 361 0.32
349 361 0.159
341 361 0.266
312 361 0.176
345 361 0.158
398 361 0.188
340 361 0.227
386 361 0.202
335 361 0.453
383 361 0.235
404 361 0.602
311 361 0.266
359 361 0.286
305 361 0.16
360 361 0.266
364 361 0.159
372 361 0.199
370 361 0.234
389 337 0.266
316 337 0.2
319 337 0.152
346 337 0.823
347 337 0.837
386 337 0.755
393 337 0.155
400 337 0.28
321 337 0.261
401 337 0.254
372 337 0.281
402 337 0.157
389 397 0.57
318 397 0.204
341 397 0.165
345 397 0.412
398 397 0.288
302 397 0.341
340 397 0.455
405 397 0.202
319 397 0.529
380 397 0.156
386 397 0.165
404 397 0.164
400 397 0.211
364 397 0.4
372 397 0.528
389 336 0.529
341 336 0.235
345 336 0.323
374 336 0.219
398 336 0.161
340 336 0.284
405 336 0.266
319 336 0.284
380 336 0.174
347 336 0.168
386 336 0.202
335 336 0.183
404 336 0.284
393 336 0.304
400 336 0.158
399 336 0.162
372 336 0.549
333 336 0.206
381 336 0.221
389 377 0.267
341 377 0.261
352 377 0.686
345 377 0.345
376 377 0.244
375 377 0.77
398 377 0.242
340 377 0.441
405 377 0.197
319 377 0.183
394 377 0.17
354 377 0.293
378 377 0.17
364 377 0.308
372 377 0.632
307 377 0.207
403 377 0.362
389 402 0.198
351 402 0.322
382 402 0.342
393 402 0.703
400 402 0.96
337 402 0.157
388 402 0.373
401 402 0.992
403 402 0.523
389 302 0.216
341 302 0.171
352 302 0.179
345 302 0.502
351 302 0.15
398 302 0.217
340 302 0.261
319 302 0.404
397 302 0.341
346 302 0.173
347 302 0.185
386 302 0.23
303 302 0.184
360 302 0.197
388 302 0.269
364 302 0.203
379 302 0.159
372 302 0.457
365 302 0.154
389 364 0.587
349 364 0.253
318 364 0.408
341 364 0.218
345 364 0.458
377 364 0.308
375 364 0.277
398 364 0.516
302 364 0.203
340 364 0.716
405 364 0.512
319 364 0.633
397 364 0.4
394 364 0.306
358 364 0.182
346 364 0.169
386 364 0.272
383 364 0.257
354 364 0.324
361 364 0.159
404 364 0.315
360 364 0.223
400 364 0.236
388 364 0.357
378 364 0.316
379 364 0.316
401 364 0.151
372 364 0.555
307 364 0.202
389 340 0.566
349 340 0.338
350 340 0.224
318 340 0.172
341 340 0.58
352 340 0.856
345 340 0.716
385 340 0.159
377 340 0.441
375 340 0.437
351 340 0.285
374 340 0.337
398 340 0.693
302 340 0.261
405 340 0.405
319 340 0.698
397 340 0.455
380 340 0.264
394 340 0.185
344 340 0.193
386 340 0.655
336 340 0.284
343 340 0.265
383 340 0.332
354 340 0.394
361 340 0.227
404 340 0.394
359 340 0.193
360 340 0.276
400 340 0.154
388 340 0.306
378 340 0.168
366 340 0.18
364 340 0.716
323 340 0.235
399 340 0.155
309 340 0.22
379 340 0.287
395 340 0.164
372 340 0.771
307 340 0.212
403 340 0.252
389 358 0.207
345 358 0.164
319 358 0.173
391 358 0.318
317 358 0.318
386 358 0.228
404 358 0.681
305 358 0.303
400 358 0.198
364 358 0.182
372 358 0.311
389 387 0.306
355 387 0.17
353 387 0.333
318 387 0.169
390 387 0.467
319 387 0.153
391 387 0.552
317 387 0.606
344 387 0.494
342 387 0.705
310 387 0.257
308 387 0.222
343 387 0.512
322 387 0.707
306 387 0.172
396 387 0.523
323 387 0.54
395 387 0.182
372 387 0.193
356 387 0.21
389 405 0.681
341 405 0.166
345 405 0.367
377 405 0.197
375 405 0.17
340 405 0.405
319 405 0.942
397 405 0.202
386 405 0.444
336 405 0.266
400 405 0.228
364 405 0.512
372 405 0.558
389 398 0.333
349 398 0.309
350 398 0.181
341 398 0.504
352 398 0.919
345 398 0.969
377 398 0.242
375 398 0.297
351 398 0.323
302 398 0.217
340 398 0.693
319 398 0.603
397 398 0.288
380 398 0.286
386 398 0.232
336 398 0.161
383 398 0.323
354 398 0.323
361 398 0.188
404 398 0.506
359 398 0.203
360 398 0.235
393 398 0.261
364 398 0.516
309 398 0.193
379 398 0.233
321 398 0.204
372 398 0.683
307 398 0.265
403 398 0.195
389 388 0.181
352 388 0.606
375 388 0.168
302 388 0.269
340 388 0.306
319 388 0.374
311 388 0.231
400 388 0.244
378 388 0.999
364 388 0.357
372 388 0.25
402 388 0.373
355 376 0.167
352 376 0.294
345 376 0.161
385 376 0.213
377 376 0.244
375 376 0.268
351 376 0.187
393 376 0.172
372 376 0.212
355 394 0.152
353 394 0.177
349 394 0.193
350 394 0.175
341 394 0.434
326 394 0.25
331 394 0.328
390 394 0.301
312 394 0.23
345 394 0.261
377 394 0.17
374 394 0.188
340 394 0.185
391 394 0.198
346 394 0.151
386 394 0.348
342 394 0.168
310 394 0.324
335 394 0.292
334 394 0.207
404 394 0.2
306 394 0.577
396 394 0.195
325 394 0.192
366 394 0.61
364 394 0.306
369 394 0.156
379 394 0.392
372 394 0.785
333 394 0.215
327 394 0.16
332 394 0.23
328 394 0.23
365 394 0.172
324 394 0.158
355 399 0.152
341 399 0.15
345 399 0.243
351 399 0.183
340 399 0.155
382 399 0.235
386 399 0.303
336 399 0.162
400 399 0.21
372 399 0.439
349 378 0.474
350 378 0.163
352 378 0.606
377 378 0.17
340 378 0.168
319 378 0.161
388 378 0.999
364 378 0.316
372 378 0.159
349 309 0.187
350 309 0.246
318 309 0.188
341 309 0.165
390 309 0.156
398 309 0.193
340 309 0.22
319 309 0.15
346 309 0.195
347 309 0.177
386 309 0.152
308 309 0.223
343 309 0.258
335 309 0.21
348 309 0.232
334 309 0.29
383 309 0.153
354 309 0.167
404 309 0.293
359 309 0.188
305 309 0.239
366 309 0.194
323 309 0.238
379 309 0.221
395 309 0.164
372 309 0.192
338 309 0.231
307 309 0.345
371 309 0.295
370 309 0.171
350 304 0.178
317 304 0.461
303 304 0.996
342 304 0.233
343 304 0.593
322 304 0.74
323 304 0.72
372 304 0.153
350 385 0.342
341 385 0.913
352 385 0.214
345 385 0.286
376 385 0.213
375 385 0.268
351 385 0.196
340 385 0.159
386 385 0.87
334 385 0.158
372 385 0.351
341 384 0.34
345 384 0.211
351 384 0.577
316 384 0.97
372 384 0.219
341 370 0.166
331 370 0.491
312 370 0.159
346 370 0.214
347 370 0.255
343 370 0.166
335 370 0.158
322 370 0.286
361 370 0.234
404 370 0.325
305 370 0.403
309 370 0.171
379 370 0.386
338 370 0.187
314 370 0.452
371 370 0.347
341 307 0.285
377 307 0.207
398 307 0.265
340 307 0.212
343 307 0.314
354 307 0.16
404 307 0.191
364 307 0.202
309 307 0.345
379 307 0.244
341 363 0.275
346 363 0.284
347 363 0.451
308 363 0.204
357 363 0.184
404 363 0.195
362 363 0.187
372 363 0.151
371 363 0.155
331 314 0.16
312 314 0.19
351 314 0.27
346 314 0.202
347 314 0.199
342 314 0.189
310 314 0.151
335 314 0.192
404 314 0.655
305 314 0.84
393 314 0.165
366 314 0.161
379 314 0.271
338 314 0.195
371 314 0.441
332 314 0.187
315 314 0.232
370 314 0.452
390 321 0.163
345 321 0.467
316 321 0.297
398 321 0.204
317 321 0.355
386 321 0.151
303 321 0.166
322 321 0.173
393 321 0.162
337 321 0.261
379 321 0.324
320 321 0.64
372 321 0.356
352 316 0.343
375 316 0.297
351 316 0.928
374 316 0.162
382 316 0.286
380 316 0.272
393 316 0.485
400 316 0.199
337 316 0.2
384 316 0.97
321 316 0.297
372 316 0.183
377 403 0.362
398 403 0.195
340 403 0.252
354 403 0.335
393 403 0.462
400 403 0.479
401 403 0.457
402 403 0.523
316 382 0.286
386 382 0.187
400 382 0.166
399 382 0.235
401 382 0.232
372 382 0.324
402 382 0.342
381 382 0.275
382 381 0.275
336 381 0.221
400 381 0.163
366 381 0.383
401 381 0.232
386 320 0.151
343 320 0.202
379 320 0.268
321 320 0.64
372 320 0.234
